1000
28
84
70
38
35
7
60
73
87
89
4
50
6
47
53
77
37
71
21
61
3
61
62
80
77
64
39
93
12
77
86
50
11
90
77
21
3
28
65
41
24
48
2
88
19
33
75
96
94
30
18
71
39
47
35
98
60
56
66
45
32
27
93
60
24
10
97
2
23
86
15
74
39
26
84
32
1
97
31
60
35
56
60
16
31
76
68
5
16
53
52
7
55
51
58
43
31
78
98
7
5
23
65
3
37
46
80
69
39
19
73
34
87
28
14
62
89
98
69
23
52
23
6
99
99
24
40
84
97
73
18
62
9
25
43
60
80
73
46
95
8
85
39
46
8
87
42
82
98
72
98
70
62
12
3
21
32
16
20
99
13
11
14
51
55
8
14
53
25
92
36
70
6
17
35
83
14
93
68
2
89
100
60
79
99
54
57
92
69
96
85
69
23
30
52
1
70
11
71
7
39
83
19
73
13
78
24
74
57
34
74
89
1
74
28
5
58
67
72
13
71
70
34
7
21
57
93
79
22
67
1
93
47
64
21
94
96
28
76
63
15
78
1
64
49
78
5
65
5
94
84
62
97
75
41
99
87
50
32
6
5
9
97
73
75
50
61
11
92
84
94
2
57
1
80
22
12
93
52
38
44
14
91
6
100
97
63
63
84
32
11
90
89
99
36
56
85
9
93
42
5
72
99
22
51
95
2
49
17
81
83
97
23
28
92
62
55
33
77
45
63
41
69
25
32
31
75
20
28
7
18
45
71
61
1
4
90
20
91
11
58
42
95
43
8
31
29
100
36
85
61
72
20
88
100
59
30
49
46
99
8
89
46
85
82
68
10
17
75
47
72
12
35
35
92
88
79
58
92
13
20
29
42
20
50
95
74
51
9
18
73
40
27
98
27
69
11
27
47
86
57
71
83
23
19
66
33
76
8
49
32
59
72
54
91
50
18
27
65
98
64
6
82
78
93
48
82
39
13
37
82
7
87
40
27
7
40
88
3
20
92
12
68
10
72
41
20
62
74
8
53
16
3
44
36
31
75
32
6
48
20
28
96
79
66
59
66
13
60
61
43
97
41
90
22
12
51
59
22
40
35
99
46
58
26
96
35
35
43
78
41
39
32
88
74
39
21
74
94
64
95
95
98
3
45
83
88
9
94
20
94
10
5
42
32
4
95
62
69
96
40
73
84
73
85
33
50
42
97
3
21
10
24
19
69
68
21
23
100
90
87
64
59
55
47
71
88
91
39
1
34
79
29
48
99
14
98
1
40
95
77
16
18
75
81
6
29
5
50
43
92
67
23
35
32
97
19
18
64
33
39
37
1
71
30
9
18
20
93
73
97
11
53
3
64
29
19
37
18
39
17
43
100
63
3
97
71
79
51
97
49
92
78
19
69
27
82
25
28
61
40
92
34
90
7
1
57
89
7
31
42
74
72
3
23
93
34
69
53
57
8
80
86
94
95
9
78
30
4
30
63
68
43
68
48
12
81
58
53
43
21
12
17
100
79
98
63
48
39
57
3
72
48
4
25
57
77
72
39
96
41
58
46
3
78
88
73
20
77
50
51
100
15
44
57
65
32
45
63
57
73
41
5
21
75
6
68
79
73
86
11
49
34
35
4
40
38
70
71
19
94
5
33
64
34
2
28
82
16
33
86
94
78
81
42
19
18
71
100
52
11
52
5
85
98
47
65
56
2
58
36
51
93
73
99
65
96
100
10
5
41
11
30
83
35
88
15
38
22
73
21
63
23
78
42
72
33
24
24
78
26
63
52
70
10
100
58
85
21
85
6
17
48
67
3
16
66
66
37
63
96
2
47
31
7
74
53
4
69
92
25
4
70
1
38
94
66
88
11
76
51
60
4
42
51
60
57
36
13
62
87
8
50
77
17
95
22
33
34
21
31
33
19
42
37
28
7
7
25
34
60
58
27
77
78
22
45
78
99
20
23
23
97
18
22
29
27
76
90
86
34
29
19
5
2
21
88
97
54
8
99
59
58
94
75
3
78
62
54
82
51
28
12
91
97
96
10
22
94
80
9
96
77
93
44
86
92
86
48
16
78
96
94
5
60
83
88
27
93
62
29
53
31
95
73
62
24
43
54
87
26
83
10
65
2
72
50
35
99
83
37
79
26
81
3
49
3
15
92
12
80
82
50
97
40
47
77
72
51
100
17
11
67
91
11
79
40
74
88
49
35
21
44
7
100
61
38
91
65
15
61
37
44
39
24
60
58
89
90
26
84
22
95
20
11
18
65
50
71
85
100
100
100
100
100
100
100
100
100
100
100
100
100
100
100
99
99
99
99
99
99
99
99
99
98
98
98
98
98
98
98
98
98
98
98
98
98
98
98
97
97
97
97
97
97
97
97
97
96
96
96
96
96
96
96
96
96
96
96
96
95
95
95
95
95
95
95
95
95
94
94
94
94
94
94
94
94
94
93
93
93
93
93
93
93
93
93
93
93
93
93
93
92
92
92
92
92
92
92
92
91
91
91
91
91
91
91
91
91
91
91
91
90
90
90
90
90
90
90
89
89
89
89
89
89
88
88
88
88
88
88
87
87
87
87
87
87
87
87
87
87
87
86
86
86
86
86
86
86
86
85
85
85
85
85
85
85
85
85
85
84
84
84
84
84
84
84
84
84
83
83
83
83
83
83
83
82
82
82
82
82
82
82
82
82
82
81
81
81
81
81
81
80
80
80
80
80
80
80
80
80
80
80
80
80
80
80
79
79
79
79
79
79
79
79
79
79
79
79
79
79
79
79
79
79
78
78
78
78
78
78
78
78
78
78
78
78
78
78
77
77
77
77
77
77
77
77
77
76
76
76
76
76
76
76
76
76
76
76
75
75
75
75
75
75
75
74
74
74
74
74
74
74
74
74
74
73
73
73
73
73
73
73
73
73
73
72
72
72
72
72
72
72
72
72
72
71
71
71
71
71
71
71
71
71
70
70
70
70
70
70
70
70
70
70
70
70
70
69
69
69
69
69
69
69
69
69
69
69
69
69
68
68
68
68
68
68
67
67
67
67
67
67
67
67
67
67
67
66
66
66
66
66
66
66
66
66
66
65
65
65
65
65
65
65
65
64
64
64
64
64
64
64
64
64
64
64
63
63
63
63
63
63
63
63
63
63
63
62
62
62
62
62
62
62
62
62
62
62
62
61
61
61
61
61
61
61
61
61
61
61
60
60
60
60
60
60
59
59
59
59
59
59
59
59
59
59
59
58
58
58
58
58
58
58
58
58
58
57
57
57
57
57
57
57
57
57
57
57
57
57
57
56
56
56
56
56
56
56
55
55
55
55
55
55
55
54
54
54
54
54
54
54
54
53
53
53
53
53
53
53
53
53
53
52
52
52
52
52
52
52
52
52
52
52
52
52
51
51
51
51
51
51
51
51
51
50
50
50
50
50
50
50
50
50
49
49
49
49
49
49
49
49
49
49
49
49
49
48
48
48
48
48
48
48
47
47
47
47
47
47
47
47
47
47
47
47
46
46
46
46
46
46
46
46
46
46
46
46
45
45
45
45
45
45
44
44
44
44
44
44
44
44
44
44
44
43
43
43
43
43
43
43
43
43
42
42
42
42
42
42
42
42
42
42
42
42
42
42
42
42
42
41
41
41
41
41
41
40
40
40
40
40
40
40
40
40
39
39
39
39
39
39
39
39
39
39
39
39
39
38
38
38
38
38
38
38
38
38
38
38
38
38
38
38
37
37
37
37
36
36
36
36
36
36
36
36
36
35
35
35
35
35
35
35
35
35
35
35
35
35
35
34
34
34
34
33
33
33
32
32
32
32
32
32
32
32
32
32
31
31
31
31
31
31
31
30
30
30
30
30
30
30
30
30
30
30
30
30
30
30
30
29
29
29
29
29
29
29
29
29
29
29
29
28
28
28
28
28
28
28
28
28
28
28
28
27
27
27
27
27
27
27
26
26
26
26
26
26
26
26
26
26
26
26
26
26
25
25
25
25
25
25
24
24
24
24
24
24
24
24
24
23
23
23
23
23
23
23
23
23
23
23
23
23
23
23
22
22
22
22
22
22
22
22
22
22
21
21
21
21
21
21
20
20
20
20
20
20
20
20
20
20
19
19
19
19
19
19
19
19
19
19
19
19
18
18
18
18
18
18
18
18
18
18
18
18
18
17
17
17
17
17
17
17
17
17
17
17
17
17
17
17
16
16
16
16
16
16
16
16
16
16
16
15
15
15
15
15
15
15
15
15
15
15
15
15
14
14
14
14
14
13
13
13
12
12
12
12
12
12
12
12
12
12
11
11
11
11
11
11
11
11
10
10
10
10
10
10
10
10
10
10
10
10
9
9
9
9
9
9
9
9
9
8
8
8
8
8
8
8
8
7
7
7
7
7
7
7
7
7
6
6
6
6
6
6
6
6
6
6
6
6
6
6
6
6
5
5
5
5
5
5
5
4
4
4
4
4
4
4
4
4
4
3
3
3
3
3
3
2
2
2
2
2
2
2
2
2
2
2
2
2
2
2
1
1
1
1
1
