100
20
88
42
97
78
47
19
50
51
38
49
25
63
81
21
98
25
23
56
75
22
35
85
20
27
46
25
11
85
45
87
95
98
90
63
5
99
27
84
36
45
52
38
83
90
5
34
69
43
93
36
30
45
72
2
13
26
55
76
98
79
81
59
28
87
75
92
78
83
90
18
14
74
83
96
41
30
75
90
6
81
76
20
81
79
2
80
15
47
19
57
58
20
45
54
35
88
70
92
37
99
98
98
96
95
94
94
94
93
93
91
90
86
85
85
84
84
84
84
83
83
82
82
80
78
75
72
72
70
69
69
69
68
68
68
66
65
65
64
64
64
63
62
61
59
58
55
55
54
52
50
50
50
42
41
40
40
40
39
38
38
38
37
36
35
34
34
33
32
32
29
29
29
28
28
28
27
27
24
23
23
22
21
18
17
16
15
13
12
7
6
5
4
4
3
3
2
2
2
1
