1100
47
64
94
12
57
3
50
77
36
18
28
84
55
20
97
73
1
17
90
38
87
71
59
21
7
23
48
63
72
64
41
7
92
38
87
13
49
48
36
44
75
99
62
80
28
38
36
35
30
75
6
30
25
74
79
61
48
80
21
78
65
28
78
55
64
48
4
58
10
55
33
19
65
69
92
70
31
54
13
39
49
88
75
46
55
26
24
28
19
43
44
17
61
94
47
93
82
23
17
49
98
60
81
92
48
30
20
27
2
11
61
7
13
84
19
100
71
3
30
78
45
54
92
90
2
57
34
17
67
39
38
100
53
41
73
86
87
78
22
67
39
27
62
53
30
22
7
6
13
10
49
12
51
74
27
91
56
56
14
55
75
7
42
77
12
11
59
86
52
32
61
95
40
51
87
20
14
44
24
85
28
19
30
28
81
3
71
72
97
59
35
9
84
59
44
40
38
69
59
67
20
76
65
88
26
78
3
82
79
67
24
30
72
52
68
18
58
16
72
60
79
96
61
79
18
9
31
74
5
54
50
40
41
46
68
80
14
31
63
8
56
58
13
88
47
64
59
99
57
3
42
92
20
55
33
81
62
8
90
15
60
83
98
29
79
32
42
79
74
99
63
37
23
80
76
76
72
51
21
66
16
7
99
44
29
19
22
77
93
71
4
16
6
26
67
59
24
35
86
62
1
32
86
47
48
36
67
74
77
94
86
53
25
32
7
33
69
90
22
19
48
31
75
31
28
52
21
30
37
50
25
73
41
14
9
88
96
27
51
38
58
60
51
34
21
74
70
59
90
34
9
7
90
76
90
51
24
20
59
79
21
5
17
76
78
26
91
97
21
56
62
14
13
2
52
46
1
9
88
1
76
22
19
41
78
31
50
98
85
2
74
17
37
11
94
25
40
84
50
83
96
75
67
53
3
86
25
53
37
63
32
39
64
99
20
10
13
24
76
77
43
81
9
100
20
69
18
49
32
24
89
96
60
35
28
17
52
20
60
71
8
11
89
10
54
54
88
61
43
74
28
53
86
51
27
16
59
76
26
2
65
69
77
71
62
58
1
74
71
71
39
98
54
19
97
27
97
9
1
66
57
32
77
11
44
18
71
78
25
46
40
57
23
18
52
18
8
49
71
10
93
20
56
7
81
19
72
25
44
74
37
73
83
73
43
35
17
19
76
47
93
42
2
51
34
56
55
68
69
39
69
16
66
34
69
27
20
75
52
57
23
26
54
1
58
23
65
21
27
23
100
44
26
94
38
58
15
3
41
41
65
43
33
4
24
99
38
68
2
13
11
45
34
50
57
49
4
76
20
53
34
50
20
39
87
9
6
19
10
3
27
81
19
45
88
86
50
27
88
25
84
67
77
64
89
96
63
16
50
59
66
91
15
69
76
55
23
49
10
86
46
3
28
42
7
47
79
63
98
96
15
46
66
69
23
9
68
7
71
41
27
94
93
11
25
15
88
88
78
75
16
24
86
65
70
92
11
42
63
39
17
4
58
55
68
54
31
68
3
26
49
39
50
67
47
14
50
56
12
80
5
31
36
29
67
53
51
81
83
26
93
37
22
29
41
74
94
16
13
35
41
38
69
17
23
74
78
98
57
28
51
58
20
19
81
24
23
26
19
92
68
66
99
60
92
43
48
5
31
60
7
64
92
36
92
32
16
32
18
72
78
76
78
79
89
9
7
85
4
15
12
40
26
89
6
97
17
27
14
45
61
9
91
18
68
62
19
32
85
26
96
29
9
23
52
87
88
57
53
76
44
22
63
68
68
98
72
29
7
28
23
28
47
61
74
47
100
10
17
66
91
46
64
46
48
40
70
43
18
13
9
65
39
1
28
25
62
64
34
71
35
49
58
64
22
29
41
36
85
99
30
40
21
48
72
17
100
77
37
38
31
73
55
34
52
21
54
39
36
27
44
56
21
20
45
63
4
26
19
40
25
66
78
87
73
91
49
51
26
86
57
59
41
65
19
93
38
83
34
30
54
2
41
94
100
15
90
23
30
7
40
12
3
29
87
16
72
10
57
27
59
39
18
71
53
28
72
69
17
21
28
52
13
47
93
97
58
58
78
13
96
100
68
50
24
14
95
32
30
83
1
59
71
89
66
67
50
67
63
8
57
64
53
54
22
37
22
29
81
17
33
89
54
91
13
76
20
15
8
9
4
71
61
93
75
22
83
72
74
61
30
15
7
89
64
27
17
35
56
57
88
34
83
13
51
88
93
55
66
83
40
22
78
30
42
42
12
89
25
85
52
86
58
29
23
71
41
20
6
45
44
15
38
83
18
11
93
14
92
42
60
47
14
96
92
47
91
81
82
80
87
98
68
84
10
68
88
76
78
98
37
58
95
30
51
12
60
13
63
100
34
97
81
46
46
64
98
38
98
53
84
4
74
47
7
42
49
66
14
29
99
32
47
21
50
4
54
83
54
47
80
8
71
87
35
35
43
7
83
26
100
44
96
22
75
82
52
69
10
73
100
100
100
100
100
100
100
100
100
100
100
100
99
99
99
99
99
99
99
99
99
99
98
98
98
98
98
98
98
98
98
98
98
98
98
98
97
97
97
97
97
97
96
96
96
96
96
96
96
96
96
96
96
96
96
96
95
95
95
95
95
95
95
95
95
95
95
95
95
95
95
95
95
94
94
94
94
94
94
94
94
94
94
94
93
93
93
93
93
93
93
93
93
92
92
92
92
92
92
92
92
92
92
92
92
92
92
92
92
92
92
92
92
91
91
91
91
91
91
91
91
91
91
91
91
91
91
91
91
90
90
90
90
90
90
90
90
90
89
89
89
89
89
89
89
88
88
88
88
88
87
87
87
87
87
87
87
87
87
87
87
87
87
87
87
87
86
86
86
86
86
86
86
85
85
85
85
85
85
85
85
85
84
84
84
84
84
84
84
84
84
84
83
83
83
83
83
83
83
83
83
83
83
83
83
83
83
83
82
82
82
82
82
82
82
81
81
81
81
81
81
81
81
81
81
81
80
80
80
80
80
80
80
80
80
79
79
79
79
79
79
79
79
79
79
79
79
78
78
78
78
78
78
78
78
78
78
78
78
78
77
77
77
77
76
76
76
76
76
76
76
76
76
76
76
75
75
75
75
75
75
75
75
75
75
75
74
74
74
74
74
74
74
74
74
74
74
73
73
73
73
73
73
72
72
72
72
72
72
72
72
72
72
72
72
71
71
71
71
71
71
71
71
71
71
71
71
71
71
71
70
70
70
70
70
70
70
70
70
70
70
70
70
70
70
70
69
69
69
69
69
69
69
69
69
69
69
69
68
68
68
68
68
68
68
68
68
67
67
67
67
67
67
67
67
67
67
67
67
67
66
66
66
66
66
66
66
65
65
65
65
65
65
65
65
65
65
65
64
64
64
64
64
64
64
64
64
63
63
63
63
63
63
63
63
63
63
63
63
62
62
62
62
62
62
62
62
61
61
61
61
61
61
61
61
61
61
61
61
61
61
61
61
61
61
61
61
61
60
60
60
60
60
60
60
60
60
60
60
60
60
59
59
59
59
59
59
59
59
59
59
59
59
58
58
58
58
58
58
58
58
58
58
58
58
58
58
58
58
58
58
57
57
57
57
57
57
57
56
56
56
56
56
56
56
56
56
56
56
56
55
55
55
55
55
55
55
55
55
55
55
55
54
54
54
54
54
54
54
54
54
53
53
53
53
53
53
53
53
53
53
52
52
52
52
52
52
52
52
52
52
52
51
51
51
51
51
51
51
51
51
51
50
50
50
50
50
50
50
50
49
49
49
49
49
49
49
49
49
49
49
48
48
48
48
48
48
48
48
48
47
47
47
47
47
47
47
47
47
47
47
47
47
47
46
46
46
46
46
46
46
46
46
46
46
46
45
45
45
45
45
45
45
45
45
45
45
45
45
44
44
44
44
44
44
44
44
44
44
44
44
44
43
43
43
43
43
43
43
43
43
43
43
43
43
43
42
42
42
42
42
42
42
41
41
41
40
40
40
40
40
40
40
40
40
40
40
40
40
39
39
39
39
39
39
39
39
39
38
38
38
38
37
37
37
37
37
37
37
37
37
37
37
37
37
37
37
36
36
36
36
36
36
36
35
35
35
35
35
35
34
34
34
34
34
34
34
34
34
33
33
33
33
33
33
33
33
33
33
33
32
32
32
32
32
32
32
32
32
32
32
32
31
31
31
31
31
31
31
31
30
30
30
30
30
30
30
30
30
30
30
29
29
29
29
29
29
29
29
28
28
28
28
28
28
28
28
28
28
28
27
27
27
27
27
27
27
27
27
26
26
26
26
26
26
26
26
26
26
25
25
25
25
25
25
25
25
25
25
25
25
25
25
25
25
25
24
24
24
24
24
24
24
24
24
24
24
24
23
23
23
23
23
23
23
23
23
23
23
23
23
23
22
22
22
22
22
22
22
22
21
21
21
21
21
21
21
21
21
21
20
20
20
20
20
20
20
20
20
20
20
19
19
19
19
19
19
19
19
19
19
19
18
18
18
18
18
18
18
18
18
18
18
17
17
17
17
17
17
17
16
16
16
16
16
15
15
15
15
15
15
15
15
15
15
15
15
15
14
14
14
14
14
14
14
13
13
13
13
13
13
13
13
13
13
13
12
12
12
12
12
12
12
12
12
12
12
12
12
11
11
11
11
11
11
11
11
11
11
10
10
10
10
10
10
10
10
10
10
10
10
10
9
9
9
9
9
9
9
9
9
9
9
9
9
9
9
8
8
8
8
8
8
8
8
8
8
8
8
8
7
7
7
7
7
7
7
7
7
6
6
6
6
6
6
6
6
6
6
6
6
6
5
5
5
5
5
5
5
5
5
4
4
4
4
4
4
4
4
4
4
4
4
4
4
4
4
4
4
4
4
3
3
3
3
3
3
3
3
3
3
3
3
3
3
3
2
2
2
2
2
2
2
2
2
2
2
2
2
2
1
1
1
1
1
1
1
1
1
1
