1200
56
29
11
29
34
58
87
45
5
68
82
68
65
64
50
98
27
74
99
65
15
30
90
31
39
32
23
92
31
68
49
88
88
23
3
49
51
28
7
95
6
75
69
60
36
10
43
23
33
76
14
44
7
43
98
28
83
15
59
84
71
76
62
76
69
44
96
91
30
74
78
57
98
43
45
16
57
65
25
95
43
99
83
75
15
46
11
94
35
58
2
7
94
49
98
95
10
82
69
100
27
30
27
81
22
52
83
90
62
56
6
98
95
41
3
96
4
79
52
55
94
19
4
83
62
93
13
51
46
19
63
58
34
75
52
3
78
79
14
70
8
42
93
71
46
9
1
86
37
30
3
1
26
21
38
67
2
3
96
56
27
21
17
37
63
33
62
62
58
11
78
20
88
76
41
60
86
62
54
35
88
11
44
94
31
67
98
93
93
56
58
78
47
10
97
34
71
32
27
53
32
79
48
56
32
16
81
62
23
97
89
19
48
69
42
27
40
100
36
72
98
84
53
63
65
96
53
52
86
7
58
100
61
8
75
84
41
77
74
10
37
36
22
19
70
26
11
46
94
77
26
79
43
97
20
5
13
85
19
93
40
41
21
26
71
25
95
82
56
32
87
40
5
65
67
82
29
29
54
87
10
10
14
98
60
40
89
40
79
92
3
59
20
88
16
64
15
53
89
14
97
78
2
8
60
58
90
75
6
65
55
42
7
41
98
82
63
52
28
37
13
92
50
22
19
49
93
70
32
76
50
1
30
84
10
29
63
31
72
45
69
9
28
49
5
7
62
97
66
90
49
33
33
57
51
94
77
100
40
96
6
30
1
12
28
19
77
54
63
52
57
29
14
99
87
9
91
43
30
40
41
51
79
91
1
89
48
37
53
8
74
8
96
5
69
80
19
23
8
44
89
17
34
85
81
12
44
75
23
24
7
29
48
8
34
16
84
27
39
89
94
65
18
74
29
27
83
56
51
12
55
53
64
11
90
77
36
55
96
41
37
42
21
14
39
51
12
83
5
4
57
71
88
55
27
63
1
38
67
19
38
26
38
54
59
26
82
40
68
34
58
44
61
90
94
41
91
49
76
74
26
22
83
11
59
82
54
30
61
54
98
11
16
51
84
54
2
53
43
63
23
75
76
79
100
89
55
31
86
96
17
17
13
87
36
81
32
44
82
9
93
47
91
18
20
48
26
34
1
38
3
26
80
1
65
15
95
82
98
24
26
79
56
84
15
15
84
13
23
91
96
93
32
47
65
58
50
70
80
100
44
51
88
40
28
50
10
2
28
86
61
2
53
13
94
47
29
51
40
84
86
97
51
64
61
22
87
98
87
53
6
71
48
80
65
72
85
53
91
42
41
47
91
1
68
57
46
30
39
52
69
18
79
47
29
83
72
63
18
27
58
46
41
12
90
78
94
10
70
63
100
4
80
96
31
35
20
63
23
12
57
3
13
82
14
93
19
40
70
77
90
5
20
28
43
91
1
76
51
21
52
28
75
96
63
65
97
67
15
73
48
27
34
37
9
68
88
77
74
66
26
85
13
35
74
50
81
55
72
40
15
45
20
23
22
27
48
80
66
34
69
88
27
96
88
6
64
70
49
94
94
29
57
92
26
57
50
73
57
43
22
85
99
58
65
53
22
16
27
46
37
2
18
38
55
100
13
71
64
74
80
43
71
89
23
56
13
50
58
97
56
49
7
90
22
17
95
25
39
8
63
66
82
79
8
47
7
96
17
29
29
68
22
28
70
11
85
84
64
85
59
24
11
45
51
77
30
51
44
37
62
15
89
99
55
65
54
60
72
99
90
1
29
16
83
24
41
99
18
100
16
12
29
53
90
15
99
37
54
39
22
99
34
56
49
29
2
17
27
17
15
62
38
54
96
25
53
95
31
20
4
78
18
40
78
5
50
99
49
8
21
14
14
100
54
6
84
32
54
91
25
47
6
32
23
23
14
65
70
100
6
3
21
8
95
81
67
30
52
81
83
38
50
2
74
41
4
68
1
76
36
96
38
57
48
53
74
78
59
42
58
2
86
97
18
96
31
72
36
31
53
50
87
50
65
92
83
88
17
2
32
32
11
89
93
29
72
51
69
58
35
70
84
18
24
61
85
29
91
4
59
88
74
29
13
22
14
29
2
48
13
68
85
79
95
16
17
68
68
31
10
5
97
78
5
30
31
63
15
30
88
71
85
21
69
36
72
37
67
88
47
82
93
13
93
53
78
68
21
67
57
82
67
34
87
89
23
94
46
33
4
34
22
60
76
69
24
7
12
17
3
48
56
50
24
65
59
77
93
73
90
85
37
21
50
51
41
61
19
20
47
48
72
77
1
55
59
3
35
73
44
11
79
35
72
65
23
70
36
91
96
36
69
91
66
56
96
91
84
49
57
32
98
4
78
11
21
99
36
19
22
25
64
72
15
88
28
22
50
85
34
42
14
16
59
97
26
52
35
96
43
76
3
85
61
67
44
91
2
20
44
88
61
17
70
37
23
68
98
33
12
76
77
96
11
17
1
65
9
15
5
49
96
100
47
59
99
12
13
55
49
68
64
26
43
62
77
32
91
15
56
74
62
86
19
62
66
84
50
23
21
74
78
3
71
5
25
24
2
94
95
33
19
17
4
28
65
60
17
57
95
31
66
77
94
13
57
62
24
17
56
37
24
72
27
13
100
64
4
28
95
74
22
55
45
88
85
6
91
95
100
100
100
100
100
100
100
100
100
100
100
100
99
99
99
99
99
99
99
99
99
99
98
98
98
98
98
98
98
98
98
98
98
98
98
98
98
97
97
97
97
97
97
97
97
97
97
97
97
96
96
96
96
96
96
96
96
96
96
96
96
95
95
95
95
95
95
95
95
95
95
95
95
94
94
94
94
94
94
94
94
94
94
94
93
93
93
93
93
93
93
93
93
93
93
93
92
92
92
92
92
92
92
92
92
92
92
92
91
91
91
91
91
91
91
91
91
91
91
91
91
91
91
91
90
90
90
90
90
90
90
90
90
90
90
90
90
89
89
89
89
89
89
89
89
89
88
88
88
88
88
88
88
88
88
88
88
88
87
87
87
87
87
87
87
87
87
87
86
86
86
86
86
86
86
86
86
86
86
86
86
85
85
85
85
85
85
85
85
85
85
85
85
85
85
85
85
85
85
84
84
84
84
84
84
84
84
84
84
84
84
84
83
83
83
83
83
83
83
83
83
83
83
83
83
82
82
82
82
82
82
82
82
82
81
81
81
81
81
81
81
81
80
80
80
80
80
80
80
80
80
80
80
80
80
80
80
79
79
79
79
79
79
79
79
79
79
78
78
78
78
78
78
78
78
78
78
78
78
78
77
77
77
77
77
77
77
77
77
77
77
77
77
77
77
76
76
76
76
76
76
76
76
75
75
75
75
75
75
75
74
74
74
74
74
74
73
73
73
73
73
73
73
73
72
72
72
72
72
72
72
72
72
72
72
72
71
71
71
71
71
71
71
71
71
71
71
71
70
70
70
70
70
70
69
69
69
69
69
69
69
69
69
69
68
68
68
68
68
68
68
68
68
67
67
67
67
67
67
67
67
67
67
66
66
66
66
66
66
66
66
65
65
65
65
65
65
65
65
65
65
65
64
64
64
64
64
64
64
64
64
64
64
64
63
63
63
63
63
63
63
63
63
63
63
63
63
63
63
63
62
62
62
62
62
62
62
62
62
62
62
62
61
61
61
61
61
61
61
61
61
61
60
60
60
60
60
60
60
60
60
60
60
60
60
60
60
59
59
59
59
59
59
59
58
58
58
58
58
58
58
58
58
58
58
58
58
58
58
58
57
57
57
57
57
57
57
57
56
56
56
56
56
56
56
56
56
56
56
56
56
56
56
56
55
55
55
55
55
55
54
54
54
54
54
54
54
54
54
53
53
53
53
53
53
53
53
53
53
53
53
52
52
52
52
52
52
51
51
51
51
51
51
51
51
51
51
51
51
51
51
51
50
50
50
50
50
50
50
50
50
50
50
50
50
50
50
50
49
49
49
49
49
49
49
49
49
49
49
49
49
49
49
48
48
48
48
48
48
48
48
48
47
47
47
47
47
47
47
47
47
47
47
47
47
47
47
47
47
47
47
46
46
46
46
46
46
46
46
46
46
46
46
46
46
46
46
45
45
45
45
45
45
45
45
45
45
45
45
44
44
44
44
44
44
44
44
44
44
44
44
44
44
44
44
44
43
43
43
43
43
43
43
43
42
42
42
42
42
42
42
42
42
42
42
42
42
42
41
41
41
41
41
41
41
41
41
41
41
41
41
41
41
41
41
40
40
40
40
40
40
40
40
40
40
39
39
39
39
39
39
39
39
39
39
38
38
38
38
38
38
38
38
38
37
37
37
37
37
37
37
37
37
37
37
36
36
36
36
36
36
36
36
36
36
36
36
36
36
36
36
36
36
35
35
35
35
35
35
35
35
35
35
35
35
35
35
35
34
34
34
34
34
34
34
34
34
34
34
34
34
34
34
34
34
33
33
33
33
33
33
33
33
33
33
33
33
33
33
33
33
33
33
32
32
32
32
32
32
32
32
32
32
32
32
32
32
32
32
32
32
32
32
31
31
31
31
31
31
31
31
31
31
31
31
31
30
30
30
30
30
30
30
30
30
30
30
30
30
30
30
29
29
29
29
29
29
29
29
29
29
29
29
29
28
28
28
28
28
28
28
28
28
28
28
28
27
27
27
27
27
27
27
27
27
27
27
26
26
26
26
26
26
26
26
26
26
26
25
25
25
25
25
25
25
25
25
25
25
25
25
25
25
25
24
24
24
24
24
24
24
24
24
24
23
23
23
23
23
23
23
23
23
23
23
23
23
23
23
22
22
22
22
22
22
22
22
22
22
22
22
22
21
21
21
21
21
21
21
21
21
21
21
21
21
21
21
20
20
20
20
20
20
20
20
20
20
20
20
19
19
19
19
19
19
19
19
19
19
19
19
19
18
18
18
18
18
18
18
18
17
17
17
17
17
17
17
17
17
17
17
17
17
17
16
16
16
16
16
16
16
16
16
16
15
15
15
15
15
15
15
15
14
14
14
14
14
14
14
14
14
14
14
14
13
13
13
13
13
13
13
12
12
12
12
12
12
12
11
11
11
11
11
11
11
11
11
11
11
11
10
10
10
10
10
10
10
10
10
10
10
10
9
9
9
9
9
9
9
9
9
8
8
8
8
8
8
8
8
8
8
8
8
8
8
7
7
7
7
7
7
7
7
7
7
6
6
6
6
6
6
6
6
6
5
5
5
5
5
5
5
5
5
5
5
5
5
4
4
4
4
4
4
4
4
4
4
4
3
3
3
3
3
3
3
3
3
3
3
2
2
2
2
2
2
2
2
2
2
2
2
2
2
2
2
2
2
1
1
1
1
1
1
1
1
1
1
1
1
1
