1300
85
60
51
25
89
14
59
12
23
100
46
56
60
67
83
71
67
67
49
49
55
53
31
90
80
8
70
39
1
11
57
58
75
59
9
33
45
79
93
99
25
52
21
4
48
73
4
36
23
47
18
3
51
7
2
76
4
69
40
63
36
33
60
59
46
64
80
9
39
34
90
59
57
25
58
29
97
79
48
72
91
72
51
13
84
39
15
35
10
90
85
66
100
85
31
85
41
55
29
94
30
89
49
96
23
54
78
51
24
61
21
88
41
49
99
58
67
46
37
26
39
92
73
28
82
41
52
50
25
43
52
1
29
10
79
76
94
22
90
19
55
80
60
31
37
15
42
73
77
29
85
48
67
21
95
65
57
12
97
79
42
41
81
55
99
60
93
88
94
29
35
32
81
24
2
67
67
41
60
94
54
72
45
79
52
5
13
82
55
23
81
15
38
68
53
90
74
83
68
38
99
74
62
98
97
14
97
56
74
47
9
43
26
51
63
64
60
48
33
47
60
4
52
19
77
17
48
18
82
8
23
61
26
6
97
9
39
83
57
98
54
95
59
27
67
89
37
63
42
36
75
94
3
51
79
9
41
80
43
61
22
12
42
1
49
44
97
61
76
89
96
10
13
78
88
37
35
69
15
80
45
71
38
83
57
60
38
38
84
22
67
73
64
81
67
74
43
96
10
92
49
31
23
86
6
15
45
17
87
29
68
25
83
71
11
38
38
90
39
51
24
49
96
3
54
8
92
57
64
25
89
82
38
56
73
53
36
88
60
88
62
12
56
96
56
28
58
68
46
12
27
61
40
3
43
2
78
92
88
52
63
56
25
55
88
30
58
13
32
88
96
12
22
63
9
9
52
57
43
10
26
42
95
17
25
5
72
63
49
52
25
33
9
26
11
12
81
56
48
86
63
65
1
45
61
75
98
52
37
38
67
69
13
15
70
9
10
88
26
35
66
59
2
95
32
9
26
65
85
69
98
19
53
66
75
77
23
15
87
73
8
75
30
79
58
17
73
38
27
65
43
30
20
34
10
21
42
22
56
54
52
74
33
70
55
82
63
53
37
75
8
59
12
59
71
9
57
12
100
29
55
40
54
63
8
31
19
35
10
65
63
47
46
9
30
52
99
65
31
26
32
14
6
15
8
84
60
81
3
82
71
79
22
37
21
83
85
91
68
55
5
59
1
7
21
94
53
13
65
80
36
87
30
56
1
72
29
45
37
59
38
26
34
10
33
94
24
66
57
49
18
34
59
97
15
7
63
84
50
86
11
27
84
39
96
15
56
40
62
77
99
30
2
89
26
70
17
79
67
42
43
84
29
5
81
86
49
92
17
56
33
4
59
4
67
43
77
81
79
77
80
43
3
50
24
84
51
63
35
6
92
71
5
12
82
63
56
100
82
27
91
35
80
63
18
29
84
53
92
36
19
26
34
75
84
2
94
44
54
14
88
61
83
47
7
100
12
19
2
3
34
79
37
75
93
85
3
26
23
76
98
64
52
82
22
89
22
91
93
9
49
36
11
95
4
86
65
47
18
88
80
23
73
89
97
99
90
57
90
80
42
67
83
2
17
8
37
68
50
83
53
88
70
79
26
40
78
75
20
6
26
69
8
100
97
51
52
98
96
21
60
44
65
7
97
6
68
27
1
4
89
79
29
35
63
57
25
60
7
53
15
83
59
90
34
19
27
6
21
12
57
54
88
23
85
90
19
90
73
9
9
77
85
94
100
21
19
2
3
1
67
52
18
69
43
69
86
54
50
6
64
48
71
79
33
27
75
84
52
73
35
44
12
98
5
33
69
37
5
43
56
74
32
89
39
71
38
40
16
41
36
100
44
59
37
80
45
30
22
36
34
39
97
48
86
48
77
95
20
14
28
33
89
18
23
64
89
29
7
24
18
79
48
42
35
21
88
15
85
92
78
1
82
46
25
76
98
39
52
27
47
91
20
27
16
51
65
72
24
29
14
92
39
82
43
79
76
66
23
71
57
12
11
66
25
19
62
94
94
16
71
1
42
70
65
48
54
61
91
22
66
8
26
71
25
87
56
41
74
9
86
68
56
66
59
100
55
41
7
44
10
37
45
79
83
18
29
50
14
82
22
71
97
70
91
33
3
54
27
87
13
35
74
15
29
31
38
90
98
58
81
55
13
90
82
54
84
17
23
18
35
96
62
26
48
79
52
12
90
15
99
58
80
57
17
63
35
59
92
39
33
72
86
60
75
91
91
7
65
48
9
70
59
47
11
23
87
13
95
18
90
95
1
61
64
63
11
72
63
87
86
37
95
80
91
75
78
85
88
11
83
70
41
9
41
25
17
24
21
40
94
86
7
73
54
16
81
94
60
7
5
78
61
94
81
19
50
61
33
78
65
4
48
77
8
42
22
46
10
90
11
38
69
31
88
33
51
80
37
67
47
12
4
1
77
47
99
72
85
70
29
40
8
67
97
35
43
12
24
82
8
52
7
45
99
19
25
79
14
12
73
54
21
91
66
20
26
18
28
31
61
55
99
82
75
23
3
27
60
71
82
32
34
62
26
55
1
86
28
59
20
6
58
48
96
98
55
78
30
62
72
58
87
24
19
4
81
36
75
34
10
43
87
90
78
13
95
15
17
72
38
88
22
50
51
43
99
21
12
79
47
81
22
81
93
91
23
19
66
19
4
71
16
85
38
78
58
69
4
70
51
81
57
10
86
84
30
77
58
92
96
62
16
57
83
81
7
72
25
66
100
87
93
90
33
50
93
96
88
100
89
58
86
67
26
37
32
50
97
55
32
35
41
18
17
91
84
62
65
3
90
18
98
40
90
96
64
53
11
69
74
74
37
40
76
56
80
23
63
8
91
84
89
17
57
61
47
58
20
54
63
28
72
34
78
28
7
62
94
87
17
84
72
18
84
92
12
31
75
98
4
72
13
80
29
66
67
98
22
24
100
100
100
100
100
100
100
100
100
100
100
100
100
100
100
100
100
99
99
99
99
99
99
99
99
99
98
98
98
98
98
98
98
98
98
98
98
98
98
98
98
98
98
97
97
97
97
97
97
97
97
97
97
97
97
97
97
97
97
96
96
96
96
96
96
96
96
96
96
96
96
96
96
96
96
96
96
96
96
95
95
95
95
95
95
95
95
95
95
94
94
94
94
94
94
94
94
94
94
94
94
94
94
94
94
94
93
93
93
93
93
93
93
93
93
93
93
93
92
92
92
92
92
92
92
92
92
92
92
92
91
91
91
91
91
91
91
91
91
91
91
91
91
91
91
91
90
90
90
90
90
90
90
90
90
90
90
90
90
89
89
89
89
89
89
89
89
89
89
89
89
89
89
89
89
88
88
88
88
88
88
88
88
88
88
88
88
87
87
87
87
87
87
87
87
87
87
86
86
86
86
86
86
86
86
86
86
86
86
85
85
85
85
85
85
85
85
85
85
85
85
85
85
85
84
84
84
84
84
84
84
84
84
84
84
84
84
84
84
84
84
83
83
83
83
83
83
83
83
83
83
83
83
83
83
82
82
82
82
82
82
82
82
82
82
82
82
82
82
82
82
82
82
82
82
82
81
81
81
81
81
81
81
81
81
81
80
80
80
80
80
80
80
80
80
80
80
80
80
79
79
79
79
79
79
79
79
79
79
79
78
78
78
78
78
78
78
78
78
78
78
78
78
78
78
77
77
77
77
77
77
77
77
77
77
77
77
76
76
76
76
76
76
76
76
76
76
76
76
75
75
75
75
75
75
75
75
75
75
75
75
75
75
75
75
75
74
74
74
74
74
74
74
74
74
74
74
73
73
73
73
73
73
73
73
73
73
72
72
72
72
72
72
72
72
72
72
72
72
71
71
71
71
71
71
71
71
71
71
71
71
71
71
71
70
70
70
70
70
70
70
70
70
70
70
70
70
69
69
69
69
69
69
69
69
69
69
69
68
68
68
68
68
68
68
68
68
68
68
68
68
68
68
67
67
67
67
67
67
67
67
67
67
67
66
66
66
66
66
66
66
66
66
66
66
66
66
65
65
65
65
65
65
65
65
65
65
65
64
64
64
64
64
64
64
64
64
64
64
64
64
64
64
64
63
63
63
63
63
63
63
63
62
62
62
62
62
62
62
62
62
62
62
62
62
62
62
62
62
61
61
61
61
61
61
61
61
61
61
61
61
60
60
60
60
60
60
60
59
59
59
59
59
59
59
59
59
59
59
59
59
59
59
58
58
58
58
58
58
58
58
58
58
58
58
58
58
57
57
57
57
57
57
57
57
57
57
56
56
56
56
56
56
56
56
55
55
55
55
55
55
55
55
55
55
55
54
54
54
54
54
54
54
54
54
54
54
54
54
53
53
53
53
53
53
53
53
53
53
53
52
52
52
52
52
52
52
52
52
52
52
52
51
51
51
51
51
51
51
51
51
51
51
51
51
51
50
50
50
50
50
50
50
50
50
50
50
50
50
50
50
50
49
49
49
49
49
49
49
49
49
49
49
49
49
49
49
49
49
49
49
48
48
48
48
48
48
48
48
48
47
47
47
47
47
47
47
47
47
47
47
47
46
46
46
46
46
46
46
46
46
46
46
46
46
46
46
46
46
46
46
45
45
45
45
45
45
45
45
45
45
45
45
45
45
45
45
45
45
45
44
44
44
44
44
44
44
44
44
44
44
44
44
44
44
44
44
44
44
44
44
43
43
43
43
43
43
43
43
43
43
43
43
43
43
43
42
42
42
42
42
42
42
42
42
42
42
41
41
41
41
41
41
41
41
41
41
41
40
40
40
40
40
40
40
40
40
40
40
39
39
39
39
38
38
38
38
38
38
38
38
38
38
38
38
37
37
37
37
37
37
37
37
37
37
37
37
36
36
36
36
36
36
36
36
36
36
35
35
35
35
35
35
35
35
35
35
35
35
35
35
35
35
35
34
34
34
34
34
34
34
34
33
33
33
33
33
33
33
33
33
33
33
33
33
32
32
32
32
32
32
32
32
32
32
32
32
32
32
32
32
32
32
31
31
31
31
31
31
31
31
31
31
31
31
31
31
31
31
31
30
30
30
30
30
30
30
30
30
30
30
30
30
29
29
29
29
29
29
29
29
29
29
29
29
29
28
28
28
28
28
28
28
27
27
27
27
27
27
27
27
27
27
27
27
27
27
27
26
26
26
26
26
26
26
26
26
26
26
26
26
26
25
25
25
25
25
25
25
25
25
25
25
25
25
24
24
24
24
24
24
23
23
23
23
23
23
23
23
23
23
23
22
22
22
22
22
22
22
22
22
22
22
22
22
22
22
22
22
22
21
21
21
21
21
21
21
21
21
21
21
21
21
21
21
20
20
20
20
19
19
19
19
19
19
19
19
19
19
19
19
19
19
19
19
19
18
18
18
18
18
18
18
18
18
18
18
18
18
18
18
18
18
18
17
17
17
17
17
17
17
17
17
17
17
17
17
16
16
16
16
16
16
16
16
16
16
16
16
16
16
15
15
15
15
15
15
15
15
15
15
15
15
14
14
14
14
14
14
14
14
14
14
14
14
14
13
13
13
13
13
13
13
13
13
13
13
13
13
13
13
12
12
12
12
12
12
12
12
12
11
11
11
11
11
11
11
11
11
11
11
11
11
10
10
10
10
10
10
10
9
9
9
9
9
9
9
9
8
8
8
8
8
8
8
8
8
8
7
7
7
7
7
7
7
7
7
7
6
6
6
6
6
6
6
6
6
6
6
6
5
5
5
5
5
5
5
5
5
5
5
5
5
5
4
4
4
4
4
4
4
4
4
4
4
4
4
4
4
4
4
3
3
3
3
3
3
3
3
3
3
3
3
3
3
3
2
2
2
2
2
2
2
2
2
2
2
2
2
1
1
1
1
1
1
1
1
1
1
1
