1400
11
81
36
17
46
14
6
37
12
86
78
19
76
24
15
78
95
76
10
38
15
71
88
89
47
74
93
42
27
44
34
85
10
65
85
31
94
53
99
73
58
90
18
33
20
56
71
66
64
60
61
62
52
34
85
54
60
56
24
65
67
54
92
71
48
43
16
33
69
15
79
24
70
20
62
15
29
71
53
48
31
21
20
46
17
4
77
95
43
7
32
42
67
81
22
86
76
93
15
26
20
34
19
75
16
30
88
72
80
48
13
15
53
3
77
28
29
35
85
32
26
99
13
39
39
20
64
70
95
48
6
90
77
63
15
15
87
13
18
51
62
30
67
17
41
86
86
86
15
14
69
28
32
36
15
91
42
20
76
33
100
25
30
26
95
42
71
86
13
8
36
99
60
23
88
71
99
41
93
47
52
6
90
97
33
87
26
16
79
57
96
59
68
22
3
43
43
60
98
61
37
99
87
63
21
33
89
70
62
97
1
42
35
81
57
7
44
68
62
46
79
39
98
87
5
49
37
15
75
65
91
2
79
20
40
10
2
24
16
60
16
8
7
63
75
52
40
9
66
5
22
17
86
39
11
13
40
88
3
99
14
66
55
3
77
78
58
3
35
67
28
46
93
11
31
32
30
82
10
63
7
90
43
58
96
9
32
15
8
43
81
81
51
13
9
80
60
20
95
32
6
85
12
18
9
26
46
97
65
89
93
42
78
77
68
66
31
37
54
98
49
2
20
90
70
96
8
77
90
65
71
78
46
12
38
51
35
70
90
31
65
24
71
42
37
68
60
87
94
55
53
32
35
67
59
17
60
14
73
76
89
6
5
68
61
65
49
52
17
94
28
93
21
82
99
69
59
35
55
42
72
53
50
79
47
36
55
65
13
82
16
1
60
71
81
4
65
25
62
57
65
60
86
60
19
64
34
47
17
37
41
10
95
18
90
2
86
48
98
37
80
55
55
19
56
99
98
48
50
39
73
45
58
95
62
50
37
99
35
20
99
75
57
22
31
62
78
15
16
17
32
53
84
98
86
68
5
89
65
21
74
41
44
32
64
12
90
72
89
96
48
92
82
96
32
37
39
46
8
3
19
60
59
43
96
47
86
26
8
71
96
75
30
53
25
6
58
46
11
69
20
18
75
76
94
74
91
49
19
51
72
99
31
29
77
100
17
34
93
89
8
79
94
50
39
56
46
100
64
58
55
71
24
59
86
43
71
99
41
5
59
29
50
51
57
61
75
12
62
63
13
35
82
33
4
5
78
74
43
23
31
33
28
95
84
52
24
26
100
20
7
95
85
51
57
19
17
98
13
47
100
65
82
33
94
11
54
81
51
77
28
58
37
99
58
77
39
26
53
73
74
1
45
92
1
80
63
48
45
47
36
87
3
24
50
16
15
22
33
62
97
95
64
56
61
84
41
25
95
19
62
85
92
10
91
37
95
71
14
35
26
74
38
31
48
26
50
52
92
55
31
73
20
46
13
16
56
88
31
91
53
72
1
42
1
57
67
5
44
40
94
11
72
31
100
20
18
5
26
28
55
78
39
1
6
18
39
41
91
65
46
33
60
30
45
88
18
28
64
50
54
27
7
1
25
2
52
18
30
91
49
51
32
87
14
97
75
34
91
67
71
8
65
81
68
84
23
63
51
35
15
93
90
38
29
50
21
90
9
39
52
22
37
11
82
14
16
43
97
2
1
30
48
3
5
86
77
52
100
75
22
85
3
34
47
85
4
61
86
67
4
93
83
46
71
74
59
51
49
47
76
6
28
35
86
52
1
17
97
18
49
1
80
7
2
36
4
97
36
92
21
64
9
83
88
82
98
47
21
79
94
26
20
58
93
17
71
86
1
68
29
61
22
19
68
64
30
22
6
27
75
19
25
39
36
94
73
53
25
66
97
12
74
63
97
27
77
74
52
1
88
75
61
27
84
75
12
12
68
54
36
42
42
34
85
13
44
69
71
23
50
30
16
68
62
31
95
21
72
100
70
29
81
55
2
13
9
87
75
3
49
68
44
16
40
18
35
87
33
80
55
87
93
29
24
97
23
79
9
65
9
20
37
93
27
1
20
59
65
17
99
100
94
10
25
32
80
72
33
92
96
65
33
100
29
24
4
62
68
78
16
77
8
46
17
25
40
63
65
19
66
100
79
68
24
84
51
65
26
30
10
35
8
65
11
83
43
79
83
30
27
66
56
33
53
30
6
12
77
29
91
47
27
65
13
77
90
11
6
91
95
28
70
35
50
44
47
18
4
17
62
76
69
32
14
78
32
22
32
82
33
76
38
26
19
77
6
48
58
13
49
30
45
26
18
15
1
79
80
23
20
61
53
64
24
8
95
92
18
49
29
22
41
4
9
25
13
82
59
64
55
82
48
83
81
32
41
76
23
72
1
16
22
59
67
26
46
56
10
4
18
32
2
54
93
71
49
19
60
40
56
98
73
55
37
75
66
73
7
85
33
98
69
36
31
86
65
68
24
21
97
73
70
15
95
67
4
77
78
83
3
14
43
81
50
57
18
2
63
79
5
70
34
1
71
92
29
27
67
26
48
19
51
83
73
97
66
26
30
58
10
18
49
89
6
18
16
92
22
11
29
4
78
33
92
33
33
68
70
2
91
38
38
84
11
23
67
14
52
84
9
81
40
4
8
1
100
86
72
94
69
12
65
71
84
73
38
18
53
5
21
80
24
3
4
14
34
4
62
91
85
96
76
70
39
63
74
41
49
9
16
84
43
79
30
94
80
31
24
47
84
25
69
40
4
20
19
66
3
76
73
21
58
68
82
8
3
46
24
84
36
53
76
40
93
39
72
51
66
14
92
98
3
33
25
68
11
84
49
98
15
12
90
49
86
8
33
66
24
49
87
91
12
68
53
66
61
63
13
43
12
20
96
55
92
100
52
44
36
75
43
94
70
17
2
16
55
89
51
88
80
48
85
68
57
50
39
23
31
22
84
1
30
48
77
83
100
48
98
76
84
72
64
90
2
80
55
58
86
97
70
13
3
66
78
53
67
76
88
91
34
50
99
70
45
93
58
32
57
19
48
80
44
18
40
53
90
94
79
62
77
5
8
4
72
25
30
53
97
36
96
3
25
60
31
18
84
67
95
73
33
29
50
55
25
32
91
18
34
69
78
97
55
65
94
94
75
57
14
9
100
100
100
100
100
100
100
100
100
100
100
100
100
99
99
99
99
99
99
99
99
99
99
99
98
98
98
98
98
98
98
98
98
98
98
97
97
97
97
97
97
97
97
97
97
97
97
97
97
97
97
97
97
96
96
96
96
96
96
96
96
96
96
96
95
95
95
95
95
95
95
95
95
95
95
95
94
94
94
94
94
94
94
94
94
94
94
94
94
94
94
93
93
93
93
93
93
93
93
93
93
93
92
92
92
92
92
92
92
92
92
92
92
92
92
92
91
91
91
91
91
91
91
91
91
91
91
90
90
90
90
90
90
90
90
90
90
90
89
89
89
89
89
89
89
89
89
89
89
89
88
88
88
88
88
88
88
88
88
88
88
88
88
88
87
87
87
87
87
87
87
87
87
87
87
87
87
87
87
87
86
86
86
86
86
86
86
86
86
86
86
86
86
86
86
86
86
85
85
85
85
85
85
85
85
85
85
85
85
85
85
84
84
84
84
84
84
84
84
84
84
84
83
83
83
83
83
83
83
83
83
83
83
83
83
83
83
83
82
82
82
82
82
82
82
82
82
82
81
81
81
81
81
81
81
81
81
81
81
81
81
80
80
80
80
80
80
80
80
80
80
80
80
80
80
79
79
79
79
79
79
79
79
79
79
79
79
79
79
79
79
79
78
78
78
78
78
78
78
78
78
78
78
77
77
77
77
77
77
77
77
77
77
77
77
77
77
77
77
77
77
77
77
76
76
76
76
76
76
76
76
76
76
76
75
75
75
75
75
75
75
75
75
75
75
75
75
74
74
74
74
74
74
74
74
74
74
74
74
74
73
73
73
73
73
73
73
73
73
73
73
73
72
72
72
72
72
72
72
72
72
72
72
72
72
72
72
72
72
72
72
71
71
71
71
71
71
71
71
71
71
71
70
70
70
70
70
70
70
70
70
70
70
70
70
70
70
70
70
69
69
69
69
69
69
69
69
69
69
69
69
69
68
68
68
68
68
68
68
68
68
68
68
68
68
68
68
68
68
68
68
67
67
67
67
67
67
67
67
67
67
67
67
66
66
66
66
66
66
66
66
66
66
66
66
66
66
66
66
65
65
65
65
65
65
65
65
65
64
64
64
64
64
64
64
64
64
64
64
64
64
64
64
64
64
64
64
64
64
64
64
64
64
64
63
63
63
63
63
63
63
63
63
63
63
63
63
63
63
62
62
62
62
62
62
62
62
62
62
62
61
61
61
61
61
61
61
61
61
61
61
61
61
61
60
60
60
60
60
60
60
60
60
60
60
60
60
60
60
60
60
60
59
59
59
59
59
59
59
59
59
59
59
59
59
58
58
58
58
58
58
58
58
58
58
58
58
58
58
57
57
57
57
57
57
57
57
57
57
57
57
57
57
57
56
56
56
56
56
56
56
56
56
56
56
56
55
55
55
55
55
55
55
55
55
55
55
55
55
54
54
54
54
54
54
54
54
53
53
53
53
53
53
53
53
53
53
53
53
53
52
52
52
52
52
52
52
52
52
52
52
52
52
52
52
51
51
51
51
51
51
51
51
51
51
51
51
51
51
51
51
51
51
51
51
51
51
51
51
51
50
50
50
50
50
50
50
50
50
49
49
49
49
49
49
49
49
49
49
49
49
49
49
49
49
49
49
49
49
49
49
49
49
49
49
49
49
49
48
48
48
48
48
48
48
48
47
47
47
47
47
47
47
47
47
47
47
47
46
46
46
46
46
46
46
46
46
46
46
46
46
46
46
46
45
45
45
45
45
45
45
45
45
45
45
44
44
44
44
44
44
44
44
44
44
44
44
43
43
43
43
43
43
43
43
43
43
43
42
42
42
42
42
42
42
42
42
42
42
42
42
42
42
42
42
41
41
41
41
41
41
41
41
41
41
41
41
41
41
41
40
40
40
40
40
40
40
40
40
40
40
40
39
39
39
39
39
39
39
39
39
39
39
39
38
38
38
38
38
38
38
38
38
38
38
37
37
37
37
37
37
37
37
37
37
36
36
36
36
36
36
36
36
36
36
35
35
35
35
35
35
35
35
35
35
35
35
35
35
35
35
34
34
34
34
34
34
34
34
34
34
34
34
34
34
34
34
33
33
33
33
33
33
33
33
33
33
32
32
32
32
32
32
32
32
32
32
32
32
32
32
31
31
31
31
31
31
31
31
31
31
31
30
30
30
30
30
30
30
30
30
30
29
29
29
29
29
29
29
29
29
29
29
29
29
29
29
29
28
28
28
28
28
28
28
28
28
28
28
28
28
28
28
28
28
27
27
27
27
27
27
27
27
27
27
27
27
27
27
27
27
27
27
26
26
26
26
26
26
26
26
26
25
25
25
25
25
25
25
25
25
25
25
25
25
25
25
25
25
25
25
25
25
24
24
24
24
24
24
24
24
24
24
24
24
24
24
23
23
23
23
23
23
23
23
23
23
23
23
22
22
22
22
22
22
22
22
22
22
22
22
22
22
21
21
21
21
21
21
21
21
21
21
21
21
21
21
21
20
20
20
20
20
20
20
20
20
20
20
20
20
20
20
20
20
20
20
20
20
19
19
19
19
19
19
19
19
19
19
18
18
18
18
18
18
18
18
18
18
18
18
18
18
18
18
18
18
17
17
17
17
17
17
17
17
17
17
17
17
17
17
17
17
16
16
16
16
16
16
16
16
16
16
16
16
16
16
15
15
15
15
15
15
15
15
15
15
15
15
15
15
14
14
14
14
14
14
14
14
14
14
14
14
13
13
13
13
13
13
12
12
12
12
12
12
12
12
12
12
12
12
12
12
12
12
12
12
12
12
12
12
11
11
11
11
11
11
11
11
10
10
10
10
10
10
10
10
10
10
10
10
10
9
9
9
9
9
9
9
9
9
9
9
9
9
9
9
9
9
9
8
8
8
8
8
8
8
8
8
8
8
8
8
8
8
8
7
7
7
7
7
7
7
7
7
6
6
6
6
6
6
6
6
6
6
6
6
6
6
6
6
6
6
6
6
6
6
6
5
5
5
5
5
5
5
5
5
4
4
4
4
4
4
4
4
4
4
4
4
4
3
3
3
3
3
3
3
3
3
3
3
3
3
3
3
3
3
3
3
3
2
2
2
2
2
2
2
2
2
2
2
2
2
2
2
1
1
1
1
1
1
1
1
1
1
1
1
1
1
1
