1500
60
52
64
31
81
30
20
99
24
53
41
36
46
61
85
96
84
67
7
19
53
50
79
65
42
56
90
89
85
63
43
45
57
69
27
36
74
12
46
65
16
66
52
15
94
25
36
78
62
62
50
55
20
8
28
9
14
81
44
86
4
73
73
12
70
99
59
11
80
56
17
7
41
92
72
58
26
93
48
63
71
93
18
56
70
78
22
19
12
22
53
76
67
67
48
19
91
19
82
79
52
59
18
59
52
57
38
6
31
45
64
69
35
44
5
8
43
57
51
32
95
96
14
90
94
95
40
9
63
22
39
46
86
56
65
45
63
5
83
77
32
44
37
50
27
31
35
27
59
96
56
21
41
45
45
43
99
5
93
38
18
24
53
80
99
47
13
16
37
93
45
92
14
43
100
20
23
30
2
96
36
68
48
54
23
44
56
24
47
56
39
66
38
36
93
85
29
6
59
94
18
93
94
49
80
91
6
71
58
70
21
96
5
34
39
31
54
22
81
18
42
47
22
14
42
98
72
8
11
10
95
48
38
21
70
10
19
16
5
3
23
89
23
83
58
63
40
2
18
94
49
98
74
14
32
73
25
36
40
47
16
58
47
10
26
36
52
2
81
100
72
18
70
21
20
12
35
70
32
73
53
63
38
36
2
96
20
2
95
79
76
60
88
46
100
48
8
55
76
64
62
20
59
57
49
85
42
12
70
84
62
62
26
15
19
74
56
60
16
2
50
72
46
45
20
12
74
97
72
53
86
75
54
8
53
90
5
31
89
44
21
65
44
53
80
56
11
54
27
29
7
98
79
14
26
21
25
70
58
31
98
49
79
53
16
38
20
7
23
12
11
94
77
55
50
99
41
65
94
6
95
37
16
51
40
66
88
76
54
73
44
11
72
80
42
35
13
100
98
19
34
32
11
25
65
26
95
74
94
11
86
95
49
49
30
82
69
49
44
48
49
69
66
100
25
25
35
15
63
61
95
57
14
63
76
70
66
14
90
97
3
9
58
8
86
22
34
77
25
47
18
18
37
37
57
100
62
39
17
17
83
34
60
27
88
66
85
40
33
35
12
59
23
69
48
14
6
21
35
21
2
12
82
16
6
22
11
88
83
30
3
16
18
36
48
11
85
7
71
6
97
97
4
12
48
19
9
91
22
11
32
14
78
50
33
46
66
88
53
67
39
86
31
71
31
98
36
94
93
96
25
71
84
43
44
53
67
92
78
28
70
56
51
97
96
35
45
75
35
16
34
19
53
14
91
24
67
31
34
93
50
79
62
67
67
96
4
75
42
8
43
29
72
36
13
12
84
79
51
55
16
40
35
66
99
86
2
88
90
86
68
74
6
48
2
68
26
20
12
98
17
83
92
47
41
32
40
82
29
41
57
47
23
41
87
29
78
2
86
50
44
93
12
59
98
86
87
91
34
22
64
93
85
92
24
8
75
18
41
35
89
47
97
59
5
66
91
9
83
53
99
82
87
47
62
11
92
22
94
76
82
30
49
34
85
59
40
50
49
46
95
79
28
53
39
81
18
60
88
46
42
40
90
34
39
66
56
50
47
43
56
16
50
32
5
63
48
30
3
32
100
63
47
22
46
46
97
54
91
53
77
52
19
15
17
95
84
43
78
59
19
100
24
5
27
33
57
92
16
84
83
66
17
7
23
44
20
25
45
24
23
53
59
35
93
71
4
5
45
38
51
29
23
94
16
2
17
21
58
94
85
73
99
85
92
28
79
23
25
31
9
26
69
30
74
58
28
51
43
32
58
72
10
86
11
63
76
16
36
5
48
88
75
15
69
27
68
7
15
66
62
90
70
43
60
65
48
11
84
66
51
81
77
69
52
74
2
89
73
76
61
6
67
4
12
86
22
24
51
92
34
59
68
60
81
38
44
60
93
56
13
92
56
21
10
13
16
66
35
56
82
24
5
31
32
8
16
95
52
22
31
58
100
14
17
18
43
19
99
32
99
32
40
19
37
30
38
82
83
72
5
43
41
13
72
63
69
62
78
85
57
95
83
74
97
32
21
33
44
33
45
2
24
46
38
72
72
55
74
62
72
71
80
45
27
36
66
58
82
8
38
5
40
26
31
87
20
76
39
10
31
37
66
10
85
79
1
73
95
69
69
6
39
95
83
61
90
52
53
99
12
8
67
12
69
40
66
58
35
97
91
78
48
62
84
3
76
57
30
49
37
83
44
5
6
13
78
75
22
53
72
67
79
83
6
36
15
22
51
67
69
37
19
91
42
1
70
68
28
20
31
55
42
13
48
88
56
65
51
50
6
28
97
95
11
20
53
76
93
23
55
89
37
33
83
17
7
90
60
28
79
90
17
34
75
28
75
26
89
33
90
100
11
81
74
35
85
92
10
85
40
52
2
23
81
89
26
71
18
80
83
12
6
13
43
64
88
26
39
94
70
35
79
39
95
99
88
80
56
83
7
73
36
98
78
63
70
70
61
34
21
86
8
67
94
14
84
5
9
51
7
94
15
87
4
29
15
71
10
97
37
16
48
94
99
47
93
52
25
51
76
91
98
62
77
28
40
85
70
80
84
81
27
44
34
81
43
69
71
10
25
69
18
7
88
1
2
49
65
20
74
23
68
39
51
64
75
55
89
29
1
28
2
26
68
40
91
70
73
43
49
2
86
4
65
41
17
82
94
65
22
58
82
67
10
54
60
20
64
51
20
86
27
38
12
75
49
64
97
89
83
98
37
15
69
67
96
10
39
61
27
42
89
95
62
31
81
75
8
16
52
73
82
84
54
8
16
13
95
38
19
65
18
40
69
63
7
22
72
21
56
44
9
55
94
90
4
38
2
82
79
31
24
74
95
77
50
10
56
88
18
90
6
86
2
77
39
14
25
68
15
60
99
40
76
26
59
38
82
71
37
94
94
10
17
59
62
83
59
99
34
26
10
19
11
45
24
97
22
8
15
12
90
87
9
60
1
38
67
26
50
69
27
9
41
94
18
72
78
70
45
35
92
60
85
27
25
60
68
48
7
68
57
40
75
89
62
82
33
66
88
78
55
98
30
67
89
72
29
73
4
85
55
82
90
17
71
58
84
67
18
23
48
80
58
88
88
87
60
66
92
13
34
64
71
58
54
59
72
6
91
25
30
80
60
35
16
43
62
79
63
43
55
48
15
34
28
75
3
74
13
46
40
36
32
92
6
55
50
100
49
44
72
9
9
58
68
21
76
10
7
4
53
94
80
33
98
75
3
72
44
88
97
98
78
75
78
95
63
48
61
65
59
16
44
49
95
18
61
72
4
12
26
64
46
44
4
78
69
29
10
27
16
80
94
91
7
10
91
77
34
1
12
55
42
60
91
8
69
88
79
68
27
82
96
28
40
74
20
57
56
2
70
100
65
86
79
82
80
70
100
100
100
100
100
100
100
100
100
100
100
100
100
99
99
99
99
99
99
99
99
99
99
99
99
98
98
98
98
98
98
98
98
98
98
98
98
98
98
98
98
98
98
97
97
97
97
97
97
97
97
97
97
97
97
97
97
97
96
96
96
96
96
96
96
96
96
96
96
95
95
95
95
95
95
95
95
95
95
95
95
95
95
95
95
94
94
94
94
94
94
94
94
94
94
93
93
93
93
93
93
93
93
93
93
93
93
93
93
92
92
92
92
92
92
92
92
92
92
92
92
92
92
92
92
92
91
91
91
91
91
91
91
91
91
91
91
91
91
90
90
90
90
90
90
90
90
90
90
90
90
90
90
90
90
90
90
90
90
90
90
90
89
89
89
89
89
89
89
89
89
89
89
89
89
89
89
89
88
88
88
88
88
88
88
88
88
88
88
88
88
87
87
87
87
87
87
87
87
87
87
87
87
87
87
87
86
86
86
86
86
86
86
86
86
86
86
86
86
85
85
85
85
85
85
85
85
85
85
85
85
85
85
85
85
84
84
84
84
84
84
84
84
84
84
84
84
84
84
84
84
83
83
83
83
83
83
83
83
83
83
83
83
83
83
82
82
82
82
82
82
82
82
82
82
82
82
82
82
82
81
81
81
81
81
81
81
81
81
81
81
81
81
81
81
81
81
81
81
80
80
80
80
80
80
80
80
80
80
80
80
80
80
80
79
79
79
79
79
79
79
79
79
79
79
79
79
79
78
78
78
78
78
78
78
78
78
78
78
77
77
77
77
77
77
77
77
77
77
77
77
77
77
77
77
77
77
77
77
76
76
76
76
76
76
76
76
76
76
76
76
76
76
76
76
76
75
75
75
75
75
75
75
75
75
75
75
75
75
75
74
74
74
74
74
74
74
74
74
74
74
74
74
74
74
73
73
73
73
73
73
73
73
73
73
73
73
73
73
72
72
72
72
72
72
71
71
71
71
71
71
71
71
71
71
71
71
71
71
71
70
70
70
70
70
70
70
70
70
70
70
70
70
70
70
70
70
70
69
69
69
69
69
69
69
69
69
69
69
69
69
68
68
68
68
68
68
68
68
68
68
68
68
68
68
68
67
67
67
67
67
67
67
67
67
67
67
66
66
66
66
66
66
66
66
66
66
66
66
65
65
65
65
65
65
65
65
65
64
64
64
64
64
64
64
64
64
64
64
64
64
64
64
64
64
64
64
64
64
63
63
63
63
63
63
63
63
63
63
63
63
63
62
62
62
62
62
62
62
62
62
62
61
61
61
61
61
61
61
61
61
61
61
61
61
60
60
60
60
60
60
60
60
60
60
60
60
60
60
60
60
60
60
60
60
60
60
60
59
59
59
59
59
59
59
59
59
59
59
59
59
59
59
59
59
59
58
58
58
58
58
58
58
58
58
58
58
58
58
58
58
58
58
58
58
58
58
57
57
57
57
57
57
57
57
57
57
57
57
57
57
57
57
57
57
57
57
57
56
56
56
56
56
56
56
56
56
56
56
55
55
55
55
55
55
55
55
55
55
55
55
55
55
55
55
55
55
55
54
54
54
54
54
54
54
54
54
54
54
54
54
54
54
54
54
54
53
53
53
53
53
53
53
53
53
53
53
53
53
53
53
53
53
53
53
52
52
52
52
52
52
52
52
51
51
51
51
51
51
51
51
51
51
51
51
51
51
51
51
51
51
50
50
50
50
50
50
50
50
50
50
50
50
50
50
50
50
50
50
49
49
49
49
49
49
49
49
49
49
49
49
49
49
49
48
48
48
48
48
48
48
48
48
48
48
48
48
48
48
48
48
48
48
47
47
47
47
47
47
47
47
47
47
47
47
47
47
47
47
47
47
46
46
46
46
46
46
46
46
46
46
46
46
46
46
46
45
45
45
45
45
45
45
45
45
45
45
45
45
44
44
44
44
44
44
44
44
44
44
44
44
44
44
44
43
43
43
43
43
43
43
43
43
43
43
43
43
43
43
43
43
43
43
43
43
43
43
42
42
42
42
42
42
42
42
42
42
42
42
42
42
42
42
41
41
41
41
41
41
41
41
41
41
41
41
41
41
41
40
40
40
40
40
40
40
40
40
40
40
40
40
39
39
39
39
39
39
39
39
39
39
39
39
39
39
39
39
38
38
38
38
38
38
38
38
38
38
38
38
37
37
37
37
37
37
37
37
37
36
36
36
36
36
36
36
36
36
36
36
36
36
36
36
36
36
36
35
35
35
35
35
35
35
35
35
35
35
35
35
35
35
35
35
35
35
35
35
35
34
34
34
34
34
34
34
34
34
34
34
33
33
33
33
33
33
33
33
33
33
33
33
33
33
33
33
33
33
33
33
32
32
32
32
32
32
32
32
32
32
32
32
32
32
31
31
31
31
31
31
31
31
31
31
31
31
31
30
30
30
30
30
30
30
30
30
30
29
29
29
29
29
29
29
29
29
29
29
29
29
29
29
28
28
28
28
28
28
28
28
28
28
27
27
27
27
27
27
27
27
27
27
27
27
27
27
27
27
27
27
27
27
27
26
26
26
26
26
26
26
26
26
26
26
25
25
25
25
25
25
25
25
25
25
25
25
25
25
25
25
25
24
24
24
24
24
24
24
24
24
24
24
24
24
24
23
23
23
23
23
23
23
23
23
23
23
23
23
23
23
23
23
23
22
22
22
22
22
22
22
22
22
22
22
22
22
22
22
22
22
22
22
22
21
21
21
21
21
21
21
21
21
21
21
21
20
20
20
20
20
20
20
20
20
19
19
19
19
19
19
19
19
19
19
19
19
19
19
19
18
18
18
18
18
18
18
18
18
18
18
18
18
18
18
17
17
17
17
17
17
17
17
17
17
17
17
17
17
17
17
17
17
17
17
17
16
16
16
16
16
16
16
16
16
16
16
16
15
15
15
15
15
15
15
15
15
15
15
15
14
14
14
14
14
14
14
14
14
14
14
14
14
14
14
14
14
13
13
13
13
13
13
13
13
13
13
13
12
12
12
12
12
12
12
12
12
12
12
12
12
12
12
11
11
11
11
11
11
11
11
11
11
11
11
11
11
10
10
10
10
10
10
10
10
10
10
10
10
10
10
9
9
9
9
9
9
9
9
9
9
9
9
9
9
9
9
9
9
9
9
9
9
9
8
8
8
8
8
8
8
8
8
7
7
7
7
7
7
7
7
7
7
7
7
7
7
7
7
6
6
6
6
6
6
6
6
6
6
6
6
6
6
6
6
6
5
5
5
5
5
5
5
5
5
5
5
5
4
4
4
4
4
4
4
4
4
4
4
4
4
4
4
4
3
3
3
3
3
3
3
3
3
3
2
2
2
2
2
2
2
2
2
2
2
2
2
2
2
2
2
2
2
1
1
1
1
1
1
1
1
1
