1600
87
74
36
17
40
96
76
96
53
43
6
42
68
14
34
39
7
83
11
98
88
12
91
78
46
34
17
37
79
56
42
73
77
47
13
5
42
36
47
90
56
67
8
63
11
45
56
84
64
61
74
32
57
36
95
69
95
25
73
18
81
24
6
39
20
1
17
16
29
98
91
81
100
87
94
84
78
29
44
82
86
3
85
89
18
93
30
47
71
47
82
65
90
74
89
71
63
35
50
98
69
96
9
81
67
87
73
56
55
1
64
25
2
77
59
84
21
68
68
20
8
33
93
9
75
10
82
92
50
93
83
28
54
30
8
60
36
85
20
11
51
27
41
22
38
49
32
38
74
97
88
100
87
100
68
38
43
47
8
50
16
92
96
8
89
22
9
79
93
9
31
95
10
17
93
3
93
66
80
61
46
38
14
44
52
2
63
10
38
11
98
45
46
98
99
29
85
19
14
58
44
83
32
76
100
9
31
16
27
71
65
18
82
45
88
34
95
28
77
52
94
16
31
60
51
41
71
2
19
25
27
28
42
14
43
34
90
11
49
36
24
17
61
30
7
31
51
77
18
28
90
39
39
48
71
22
6
50
61
69
76
6
74
57
42
56
76
96
53
25
49
13
88
3
64
93
99
62
58
67
3
81
86
53
16
54
67
16
40
37
10
1
16
23
41
54
40
39
76
98
86
48
87
37
19
40
20
32
99
22
65
24
32
91
12
81
54
57
1
86
19
76
87
19
22
97
82
10
21
13
4
90
74
62
96
57
36
100
83
36
50
46
45
82
38
85
4
67
71
66
33
45
100
56
41
66
53
50
76
46
20
1
82
19
76
80
48
23
5
49
95
16
97
68
4
78
87
9
49
94
80
38
12
69
70
51
68
48
76
10
54
9
31
65
17
42
79
4
68
49
100
65
23
45
38
91
44
9
82
46
74
42
41
23
60
99
55
12
23
87
26
36
6
26
71
23
61
55
69
50
64
69
95
22
13
78
25
48
27
31
78
97
93
45
46
82
47
48
46
55
81
79
50
49
57
41
51
44
16
48
84
76
31
13
10
3
8
62
60
57
81
51
21
84
59
3
96
16
17
16
61
41
12
14
64
30
74
4
59
18
32
59
74
28
17
24
7
76
32
19
58
20
6
51
88
87
83
87
19
97
82
3
100
40
13
53
3
14
90
40
53
41
21
11
44
33
17
43
97
76
5
6
49
52
66
92
74
65
61
14
47
51
54
11
64
53
83
11
93
25
6
91
99
9
74
65
48
73
69
23
24
1
34
93
23
56
62
60
98
56
15
48
94
9
18
4
38
55
7
47
33
33
93
57
58
2
33
76
92
98
57
41
53
56
8
19
45
35
4
88
9
29
72
5
99
98
37
4
70
80
18
6
13
1
76
32
14
94
95
3
80
90
50
16
5
98
51
51
66
80
32
70
62
64
27
21
69
70
73
58
61
22
32
91
29
95
94
6
80
44
51
83
97
100
38
96
29
45
61
38
64
35
7
21
1
22
82
7
86
6
19
77
12
68
100
81
16
67
74
99
78
49
87
35
54
60
50
45
62
3
8
22
54
91
11
62
66
52
93
90
46
83
83
95
72
41
54
53
61
28
14
50
32
45
90
63
94
45
93
28
72
3
5
26
84
65
55
99
87
6
65
16
93
78
5
44
90
53
8
29
67
83
85
22
92
59
92
34
26
13
49
32
35
4
75
85
10
74
4
1
77
16
97
17
88
24
88
53
29
26
19
15
19
80
12
18
87
4
63
54
47
41
88
10
34
98
80
31
94
85
22
84
67
65
21
38
47
70
99
48
47
9
74
28
41
83
31
42
97
47
10
59
76
23
22
13
92
94
30
65
88
89
7
15
40
85
21
10
42
58
36
34
24
83
44
38
78
95
67
76
62
82
74
45
20
7
64
77
93
58
70
28
69
26
4
7
1
50
93
44
70
30
22
99
17
6
11
82
91
9
78
38
92
85
92
88
80
27
95
49
12
7
68
19
56
76
30
80
24
62
19
45
93
63
93
96
46
59
59
98
52
72
72
61
42
56
62
14
61
73
69
6
20
79
28
90
48
40
55
23
53
81
37
45
4
29
70
3
54
3
83
85
77
87
27
72
77
43
43
88
48
33
7
76
28
86
14
68
85
90
62
52
85
72
58
52
89
5
28
97
18
5
21
17
58
8
12
8
52
20
56
53
69
67
85
49
51
56
5
57
44
15
71
55
5
46
95
66
99
72
34
74
19
59
32
48
63
93
11
55
46
67
89
90
65
34
47
62
34
19
42
53
3
89
52
31
69
100
65
53
3
54
96
62
68
88
61
66
84
21
78
44
17
53
40
14
62
52
34
34
27
40
50
81
60
14
40
31
37
18
4
85
89
29
41
29
85
14
66
61
18
47
66
16
95
64
29
63
17
90
69
47
27
80
91
73
21
84
35
81
5
5
27
9
83
64
68
6
48
96
88
75
65
9
16
1
34
79
95
17
46
92
28
95
21
53
47
95
6
88
43
66
93
12
38
72
87
82
44
23
63
67
43
5
94
66
52
45
63
72
92
68
63
75
59
90
45
80
97
40
61
17
27
79
15
49
92
10
2
32
37
13
8
25
10
85
57
33
60
83
2
59
56
86
18
52
60
77
63
7
1
80
51
18
3
13
67
28
57
65
39
59
58
68
45
58
46
79
7
39
55
33
30
91
17
70
63
94
44
72
62
67
33
35
11
58
42
32
16
99
17
53
70
30
45
68
87
2
43
1
86
25
97
65
93
31
26
45
49
64
87
11
81
32
35
54
37
7
75
70
84
9
28
37
87
24
14
46
11
88
100
52
61
19
68
7
83
29
73
66
49
64
82
29
15
54
45
42
36
14
56
83
32
36
6
52
47
72
27
85
47
42
56
2
69
50
94
93
17
68
79
92
12
70
89
38
23
85
75
32
49
46
91
12
53
53
59
61
78
59
59
28
52
92
38
5
71
84
74
79
66
13
7
11
27
49
72
35
78
93
77
69
61
32
81
22
24
2
26
92
14
11
54
36
68
68
49
6
29
37
90
72
24
75
28
32
50
91
4
54
7
22
82
89
27
47
86
64
11
14
15
90
10
38
93
91
1
48
15
37
90
40
47
12
35
20
100
50
79
29
78
47
72
29
30
55
30
22
43
63
77
25
47
66
53
73
65
73
94
85
93
20
27
14
70
77
45
74
32
29
5
85
61
77
60
81
40
64
7
13
39
13
3
90
46
77
78
37
30
70
55
17
19
98
69
92
87
52
29
37
36
66
45
87
29
56
66
99
53
52
38
22
37
92
50
48
56
39
42
73
28
22
21
29
31
87
56
73
24
77
4
21
51
84
30
15
100
27
71
87
53
23
79
1
49
18
82
27
33
27
75
39
94
12
12
55
70
29
26
6
87
4
28
7
9
53
94
93
26
35
20
95
63
46
29
3
14
37
100
10
82
43
1
80
58
92
51
15
12
99
77
25
18
38
73
99
36
36
25
69
89
12
78
26
77
72
26
59
50
2
17
66
20
64
13
7
24
73
34
89
90
34
39
15
47
79
57
11
46
19
21
92
81
9
64
39
22
33
80
17
93
93
88
77
21
17
72
67
56
90
100
100
100
100
100
100
100
100
100
100
100
100
100
100
100
100
100
100
100
99
99
99
99
99
99
99
99
99
99
98
98
98
98
98
98
98
98
98
98
98
98
98
98
98
97
97
97
97
97
97
97
97
97
97
97
97
97
96
96
96
96
96
96
96
96
96
96
96
96
96
96
96
96
96
96
95
95
95
95
95
95
95
95
95
95
95
95
95
95
95
95
95
95
95
95
95
95
94
94
94
94
94
94
94
94
94
94
94
94
94
94
94
93
93
93
93
93
93
93
93
93
93
93
93
93
93
93
93
93
93
92
92
92
92
92
92
92
92
92
92
92
92
92
92
92
92
92
92
92
92
92
92
92
91
91
91
91
91
91
91
91
91
91
91
91
91
91
90
90
90
90
90
90
90
90
90
90
90
89
89
89
89
89
89
89
89
89
89
89
89
88
88
88
88
88
88
88
88
88
88
88
88
88
88
88
88
88
88
87
87
87
87
87
87
87
87
87
87
87
87
87
87
87
87
87
87
86
86
86
86
86
86
86
86
86
86
86
86
86
86
85
85
85
85
85
85
85
85
85
85
85
85
84
84
84
84
84
84
84
84
84
84
84
84
84
84
84
84
84
84
84
84
84
84
84
84
84
84
83
83
83
83
83
83
83
83
83
83
83
83
83
83
83
83
82
82
82
82
82
82
82
82
82
82
82
82
82
82
82
81
81
81
81
81
81
81
81
81
81
81
81
81
81
81
80
80
80
80
80
80
80
80
80
80
80
80
80
80
80
79
79
79
79
79
79
79
79
79
79
79
79
79
79
79
79
79
79
79
79
79
79
78
78
78
78
78
78
78
78
78
78
78
77
77
77
77
77
77
77
77
77
77
77
77
77
77
77
76
76
76
76
76
76
76
76
76
76
76
76
76
76
75
75
75
75
75
75
75
75
75
75
75
75
75
75
75
74
74
74
74
74
74
74
74
74
74
74
74
74
74
74
73
73
73
73
73
73
73
73
73
73
73
73
73
73
73
73
73
72
72
72
72
72
72
72
72
72
72
72
72
72
72
72
71
71
71
71
71
71
71
71
71
71
71
71
71
71
71
71
71
70
70
70
70
70
70
70
70
70
70
70
69
69
69
69
69
69
69
69
69
69
69
69
68
68
68
68
68
68
68
68
68
68
68
68
68
68
68
68
67
67
67
67
67
67
67
67
67
67
67
67
67
67
67
67
67
67
67
67
66
66
66
66
66
66
66
66
66
66
66
66
66
66
66
66
65
65
65
65
65
65
65
65
65
65
65
65
65
65
65
65
65
65
65
65
64
64
64
64
64
64
64
64
64
64
63
63
63
63
63
63
63
63
63
63
63
63
63
63
63
62
62
62
62
62
62
62
62
62
62
62
62
62
62
62
62
62
62
62
62
61
61
61
61
61
61
61
61
61
61
61
61
61
61
61
61
61
60
60
60
60
60
60
60
60
60
60
60
60
60
60
60
60
60
59
59
59
59
59
59
59
59
59
59
59
59
59
59
58
58
58
58
58
58
58
58
58
58
58
58
58
58
58
58
58
58
58
57
57
57
57
57
57
57
57
57
57
57
57
57
56
56
56
56
56
56
56
56
56
56
56
56
56
56
56
56
56
56
55
55
55
55
55
55
55
55
55
55
55
55
55
55
55
55
55
55
54
54
54
54
54
54
54
54
54
54
54
54
54
54
54
54
54
54
54
54
54
54
54
54
54
53
53
53
53
53
53
53
53
53
53
53
52
52
52
52
52
52
52
52
52
52
52
52
52
52
52
52
52
52
52
52
52
52
52
51
51
51
51
51
51
51
51
51
51
51
50
50
50
50
50
50
50
50
50
50
50
50
50
50
50
50
49
49
49
49
49
49
49
49
49
49
49
49
49
48
48
48
48
48
48
48
48
48
48
48
48
48
48
47
47
47
47
47
47
47
47
47
47
47
47
47
47
47
47
47
46
46
46
46
46
46
46
46
46
46
46
46
46
46
46
46
46
46
45
45
45
45
45
45
45
45
45
45
45
45
45
44
44
44
44
44
44
44
44
43
43
43
43
43
43
43
43
43
43
43
43
43
43
43
43
43
43
43
43
43
43
42
42
42
42
42
42
42
42
42
42
42
42
42
42
41
41
41
41
41
41
41
41
41
41
41
41
41
41
41
41
41
41
41
41
41
41
41
40
40
40
40
40
40
40
40
40
40
40
40
40
40
40
40
40
40
40
39
39
39
39
39
39
39
39
39
39
39
39
39
39
39
39
39
39
39
38
38
38
38
38
38
38
38
38
38
38
38
37
37
37
37
37
37
37
37
37
37
37
37
37
37
37
37
37
36
36
36
36
36
36
36
36
36
36
36
36
35
35
35
35
35
35
35
35
35
35
35
35
35
35
35
35
35
35
35
35
35
35
35
35
34
34
34
34
34
34
34
34
34
34
34
34
34
34
34
34
34
34
33
33
33
33
33
33
33
33
33
33
33
33
33
33
33
33
33
33
33
33
32
32
32
32
32
32
32
32
32
32
32
32
32
32
32
32
31
31
31
31
31
31
31
31
31
31
31
31
31
30
30
30
30
30
30
30
30
30
30
30
30
30
30
30
30
30
30
30
30
29
29
29
29
29
29
29
29
29
28
28
28
28
28
28
28
28
28
28
28
28
28
28
28
28
28
28
28
28
27
27
27
27
27
27
27
27
27
27
27
27
27
27
26
26
26
26
26
26
26
26
26
26
26
26
26
26
26
26
26
25
25
25
25
25
25
25
25
24
24
24
24
24
24
24
24
24
24
24
24
23
23
23
23
23
23
23
23
23
23
23
23
23
23
23
23
23
23
23
23
22
22
22
22
22
22
22
22
22
22
22
22
22
22
22
21
21
21
21
21
21
21
21
21
21
21
21
21
21
21
21
21
21
21
20
20
20
20
20
20
20
20
20
20
20
20
20
20
20
20
20
20
20
19
19
19
19
19
19
19
19
19
19
19
19
19
19
19
19
18
18
18
18
18
18
18
18
18
18
18
18
18
18
18
18
18
17
17
17
17
17
17
17
17
17
17
17
17
17
17
17
17
17
16
16
16
16
16
16
16
16
16
16
16
16
16
16
16
16
16
16
15
15
15
15
15
15
15
15
15
15
15
15
15
15
15
15
15
15
15
15
15
14
14
14
14
14
14
14
14
14
14
14
14
14
14
14
13
13
13
13
13
13
13
13
13
13
13
13
13
13
13
13
13
13
13
13
12
12
12
12
12
12
12
12
12
12
12
12
12
12
11
11
11
11
11
11
11
11
11
11
11
10
10
10
10
10
10
10
10
10
10
10
10
10
10
9
9
9
9
9
9
9
9
9
9
9
9
9
8
8
8
8
8
8
8
8
8
8
8
8
8
7
7
7
7
7
7
7
7
7
7
7
7
7
7
6
6
6
6
6
6
6
6
6
6
5
5
5
5
5
5
5
5
5
5
5
5
5
5
5
5
4
4
4
4
4
4
4
4
4
4
4
3
3
3
3
3
3
3
3
3
3
3
3
3
3
3
3
3
3
2
2
2
2
2
2
2
2
2
2
2
2
2
2
2
2
2
2
2
2
2
1
1
1
1
1
1
1
1
1
1
1
1
1
1
