1700
55
26
99
51
41
86
82
71
43
33
22
4
61
13
95
54
96
13
9
52
76
34
96
39
27
92
13
82
21
17
52
59
40
96
11
97
74
41
75
66
96
11
30
38
65
16
56
38
61
83
35
98
43
84
31
97
91
32
69
28
19
25
84
43
55
83
94
58
1
81
25
93
88
19
93
95
46
42
11
29
62
20
85
74
99
41
18
81
10
66
67
92
99
56
21
4
45
60
15
53
91
66
77
24
64
20
15
35
11
36
17
99
26
15
84
38
64
66
18
31
92
73
19
48
80
31
18
100
100
91
26
12
55
92
49
90
36
52
98
88
10
45
26
99
38
22
38
15
13
100
39
68
59
94
54
42
38
70
74
88
81
94
31
25
39
65
79
34
51
40
84
44
40
3
29
77
25
93
74
67
1
7
21
74
41
60
28
2
80
75
7
27
10
42
44
60
21
34
16
22
95
69
95
1
6
12
5
23
7
52
19
24
51
33
13
36
34
97
84
49
98
48
77
52
37
32
9
76
18
32
78
54
49
61
76
59
17
2
62
15
83
69
86
94
87
72
21
58
84
100
74
3
36
61
21
63
75
57
58
54
66
78
24
73
58
85
44
79
76
52
15
18
19
82
82
5
61
39
96
3
75
36
55
77
37
17
54
60
28
79
33
93
93
31
98
4
78
100
28
50
26
29
53
20
69
93
15
66
14
29
37
39
96
88
28
7
98
81
60
56
68
96
61
72
88
24
95
91
78
41
64
25
31
97
86
27
26
8
47
68
20
75
67
33
50
96
50
52
32
19
42
75
98
6
41
15
67
12
15
83
27
27
93
15
99
67
76
74
84
52
89
100
59
24
19
68
79
64
32
77
71
47
29
55
1
58
11
14
7
5
20
98
71
32
63
27
81
26
42
9
100
43
43
23
67
78
97
94
72
63
73
29
17
17
23
2
40
98
6
28
41
97
88
99
71
85
50
56
29
77
95
17
59
69
19
75
99
93
60
59
22
12
58
36
62
79
90
77
20
77
86
81
43
31
31
55
65
53
25
56
91
5
34
50
41
86
96
60
50
47
1
86
13
25
45
7
21
61
1
10
22
7
95
88
4
39
8
78
49
30
8
92
6
87
86
100
13
84
43
68
95
10
86
66
96
35
48
10
70
57
54
91
32
90
41
44
17
39
31
80
36
99
58
35
84
31
86
78
29
91
55
47
58
40
27
11
95
11
57
60
42
36
53
26
20
18
15
73
67
54
43
72
19
99
61
96
90
100
55
23
13
13
37
27
13
96
89
92
99
82
86
97
85
60
18
41
31
4
95
19
29
73
41
73
98
93
47
26
52
6
76
50
35
38
41
17
9
31
36
55
79
2
52
83
95
31
49
74
32
77
10
61
74
83
25
48
95
80
22
10
67
12
80
75
16
80
74
58
53
86
4
62
91
24
32
49
68
39
15
25
29
19
77
80
51
74
3
92
21
87
62
53
64
21
64
35
41
41
20
97
57
26
71
36
48
100
50
10
81
100
57
61
12
33
29
5
100
30
99
78
89
99
79
49
77
45
43
98
65
91
23
61
96
6
53
99
43
79
80
8
25
22
33
45
67
35
87
69
53
91
68
64
56
45
92
32
88
95
95
87
54
43
3
55
44
8
17
25
79
4
74
80
93
55
92
88
80
3
64
70
73
94
93
94
36
92
64
41
86
74
55
17
46
10
84
81
70
90
29
18
5
85
99
84
88
88
8
42
85
25
67
35
51
59
95
39
49
100
26
19
29
75
35
92
42
17
68
42
39
28
73
91
51
81
35
32
46
36
3
41
3
67
19
22
6
7
84
72
52
22
28
18
43
31
58
37
9
58
7
37
78
5
10
28
64
96
71
21
44
12
71
13
100
79
65
24
17
50
33
39
37
61
98
14
83
15
48
11
91
81
25
30
26
20
32
53
45
99
88
12
83
41
9
17
79
38
34
23
27
7
47
40
19
25
78
86
63
33
32
40
31
86
42
51
43
77
69
73
96
39
20
45
89
8
50
14
91
63
31
4
91
10
10
33
11
100
2
80
31
34
67
3
5
95
56
33
18
54
61
79
99
65
92
61
90
21
87
80
86
45
53
67
77
86
73
31
62
27
100
4
29
53
33
60
3
59
60
67
51
36
6
20
62
95
25
49
19
20
86
49
52
48
72
15
88
61
50
94
77
15
58
31
51
71
53
47
89
37
19
87
57
95
52
79
47
77
47
75
56
57
86
79
29
76
41
78
96
76
64
61
84
70
88
73
28
71
60
33
64
76
16
91
3
11
47
31
41
37
13
62
10
6
69
95
41
5
9
96
62
94
11
28
4
88
87
5
7
92
43
43
7
12
84
96
44
91
27
41
71
96
9
5
91
5
29
39
81
6
59
68
36
63
65
74
24
62
10
16
80
26
82
97
73
37
6
74
19
59
4
37
70
52
39
47
51
13
85
48
60
88
28
4
78
89
48
47
62
37
11
89
90
2
53
90
63
44
55
56
37
53
75
68
89
46
21
37
71
3
88
19
43
89
29
73
14
11
62
30
84
9
87
47
97
46
65
31
95
50
36
44
88
3
38
91
44
81
6
51
32
62
68
60
67
70
66
1
3
16
1
87
97
11
22
63
48
3
61
79
27
31
73
75
100
9
16
77
5
65
93
61
93
32
37
32
35
80
63
54
74
33
45
38
17
74
79
30
19
60
17
27
40
40
24
63
87
42
86
77
26
45
43
4
13
37
47
41
78
3
9
79
44
75
100
38
12
49
79
8
26
71
53
4
85
83
42
41
64
78
69
6
74
21
75
92
55
14
3
26
32
69
12
70
55
9
57
10
46
31
39
90
95
97
87
19
65
90
69
25
85
13
73
58
34
49
19
49
2
51
6
58
50
85
16
84
98
28
37
27
90
69
98
37
90
22
98
57
83
79
45
9
43
8
78
74
13
87
41
31
45
28
36
89
20
40
77
47
19
73
2
42
96
49
1
55
35
38
68
100
75
10
83
59
42
71
53
88
93
39
85
96
48
42
11
18
24
55
49
64
39
25
6
66
89
58
86
21
52
42
19
30
31
42
9
92
34
62
39
83
47
94
39
71
61
79
8
50
17
7
29
91
40
57
9
19
40
3
79
67
89
28
20
96
40
92
97
25
47
78
29
89
39
47
56
2
9
65
95
85
45
79
32
87
63
22
18
1
95
4
84
48
3
21
37
25
27
32
22
85
88
79
37
50
98
53
8
95
40
68
90
13
30
29
82
26
41
10
78
81
13
95
50
5
92
1
83
46
40
50
27
75
6
39
87
78
67
75
92
21
33
49
11
77
30
75
86
44
42
61
57
38
16
75
79
89
61
44
14
60
26
27
80
79
71
59
79
65
81
73
20
31
69
99
65
57
42
99
79
81
54
46
17
88
12
39
68
3
48
56
70
81
79
13
7
51
6
26
100
81
83
80
19
72
97
29
6
34
67
75
79
44
30
94
14
9
52
71
58
94
35
32
4
79
87
85
79
9
60
32
53
33
93
80
28
23
84
52
85
72
74
14
74
86
44
10
33
74
86
28
73
35
85
85
13
5
72
87
56
1
9
2
13
85
47
29
45
42
76
72
78
82
81
21
29
8
6
85
41
58
30
96
82
8
32
41
75
60
21
48
93
91
28
21
54
92
71
46
92
67
21
31
82
97
92
94
13
47
27
52
68
36
33
63
72
55
11
81
60
97
91
18
52
78
50
67
79
56
42
67
38
72
69
59
30
16
90
40
9
21
91
89
52
95
78
22
2
32
35
89
1
56
6
21
41
91
13
36
35
85
9
83
68
99
49
59
30
64
87
5
25
68
100
100
100
100
100
100
100
100
100
100
100
100
100
100
100
100
99
99
99
99
99
99
99
99
99
99
99
99
99
99
99
99
99
99
99
99
98
98
98
98
98
98
98
98
98
98
98
98
98
98
98
98
98
98
98
98
97
97
97
97
97
97
97
97
97
97
97
97
96
96
96
96
96
96
96
96
96
96
96
96
96
96
96
95
95
95
95
95
95
95
95
95
95
95
95
95
95
95
95
95
95
94
94
94
94
94
94
94
94
94
94
94
94
94
94
94
94
94
94
94
94
93
93
93
93
93
93
93
93
93
93
93
93
93
93
93
93
93
93
93
93
93
93
92
92
92
92
92
92
92
92
92
92
92
92
92
92
92
92
92
92
91
91
91
91
91
91
91
91
91
91
91
91
91
91
91
91
91
91
91
91
91
91
91
91
90
90
90
90
90
90
90
90
90
90
90
90
90
90
89
89
89
89
89
89
89
89
89
89
89
89
89
89
89
89
89
89
89
88
88
88
88
88
88
88
88
88
88
88
88
88
88
88
87
87
87
87
87
87
87
87
87
87
87
87
87
87
87
87
87
87
87
87
87
87
87
87
87
86
86
86
86
86
86
86
86
86
86
86
86
86
85
85
85
85
85
85
85
85
85
85
85
85
85
85
85
85
85
85
85
85
85
85
84
84
84
84
84
84
84
84
84
84
84
84
84
84
84
84
84
84
84
84
84
84
84
83
83
83
83
83
83
83
83
83
83
83
83
83
83
82
82
82
82
82
82
82
82
82
82
81
81
81
81
81
81
81
81
81
81
81
81
81
81
81
81
81
81
81
80
80
80
80
80
80
80
80
80
80
80
80
80
80
80
80
80
80
79
79
79
79
79
79
79
79
79
79
79
79
79
79
79
79
79
79
79
79
79
78
78
78
78
78
78
78
78
78
78
78
78
78
78
78
77
77
77
77
77
77
77
77
77
77
77
77
77
77
77
77
76
76
76
76
76
76
76
76
76
76
76
76
76
76
76
76
76
76
76
76
76
76
76
76
75
75
75
75
75
75
75
75
75
75
75
75
75
75
75
75
75
74
74
74
74
74
74
74
74
74
74
74
74
74
74
74
74
74
74
74
74
74
74
74
73
73
73
73
73
73
73
73
73
73
73
73
73
73
73
73
73
73
73
73
72
72
72
72
72
72
72
72
72
72
72
72
72
72
72
72
72
72
72
71
71
71
71
71
71
71
71
71
71
71
71
71
70
70
70
70
70
70
70
70
70
70
70
70
70
69
69
69
69
69
69
69
69
69
69
69
69
69
69
69
69
69
68
68
68
68
68
68
68
68
68
68
68
68
68
68
68
68
68
67
67
67
67
67
67
67
67
67
66
66
66
66
66
66
66
66
66
66
66
66
66
66
66
66
66
66
66
66
66
66
66
65
65
65
65
65
65
65
65
65
65
65
65
64
64
64
64
64
64
64
64
64
64
64
64
64
64
64
64
64
64
63
63
63
63
63
63
63
63
63
63
63
63
63
63
63
63
63
63
62
62
62
62
62
62
62
62
62
62
62
62
62
62
62
62
62
62
62
61
61
61
61
61
61
61
61
61
61
61
61
61
61
61
61
61
61
61
61
61
61
61
61
61
61
61
61
60
60
60
60
60
60
60
60
60
60
60
60
60
60
60
59
59
59
59
59
59
59
59
59
59
59
59
58
58
58
58
58
58
58
58
58
58
58
58
58
58
58
58
58
58
58
57
57
57
57
57
57
57
57
57
57
57
57
57
57
57
57
57
57
57
56
56
56
56
56
56
56
56
56
56
56
56
56
56
56
56
56
56
56
56
56
56
55
55
55
55
55
55
55
55
55
55
55
54
54
54
54
54
54
54
54
54
54
54
54
54
54
54
54
54
54
54
54
53
53
53
53
53
53
53
53
53
53
53
53
53
53
53
53
52
52
52
52
52
52
52
52
52
52
52
51
51
51
51
51
51
51
51
51
51
51
51
51
51
51
50
50
50
50
50
50
50
50
50
50
50
50
50
50
50
50
50
50
50
50
50
49
49
49
49
49
49
49
49
49
49
49
49
49
49
48
48
48
48
48
48
48
48
48
48
48
48
48
48
48
48
48
48
48
48
48
48
48
48
48
48
48
48
47
47
47
47
47
47
47
47
47
47
47
47
46
46
46
46
46
46
46
46
46
46
46
45
45
45
45
45
45
45
45
45
45
45
45
45
45
45
44
44
44
44
44
44
44
44
44
44
44
44
44
44
44
43
43
43
43
43
43
43
43
43
43
43
42
42
42
42
42
42
42
42
42
42
42
42
42
42
42
42
42
41
41
41
41
41
41
41
41
41
41
41
41
41
41
41
41
41
41
41
40
40
40
40
40
40
40
40
40
40
40
40
40
40
40
40
40
40
40
40
39
39
39
39
39
39
39
39
39
39
39
39
39
39
39
39
39
39
39
38
38
38
38
38
38
38
38
38
38
38
38
38
38
37
37
37
37
37
37
37
37
37
37
37
37
37
36
36
36
36
36
36
36
36
36
36
36
36
36
36
36
36
35
35
35
35
35
35
35
35
35
35
35
35
35
35
35
35
35
35
35
35
34
34
34
34
34
34
34
34
34
34
34
34
34
34
34
34
34
33
33
33
33
33
33
33
33
33
33
33
33
33
33
33
33
33
33
32
32
32
32
32
32
32
32
32
32
32
32
32
32
32
32
32
32
31
31
31
31
31
31
31
31
31
31
31
31
31
31
30
30
30
30
30
30
30
30
30
30
30
30
29
29
29
29
29
29
29
29
29
29
29
29
29
29
29
29
29
29
29
28
28
28
28
28
28
28
28
28
28
28
28
28
28
28
28
28
28
28
28
28
27
27
27
27
27
27
27
27
27
27
27
27
27
27
27
26
26
26
26
26
26
26
26
26
26
26
26
26
26
25
25
25
25
25
25
25
25
25
25
25
25
25
25
25
25
25
25
24
24
24
24
24
24
24
24
24
24
24
24
24
24
24
24
23
23
23
23
23
23
23
23
23
23
23
23
23
23
23
23
23
23
22
22
22
22
22
22
22
22
22
22
22
22
22
22
22
22
22
21
21
21
21
21
21
21
21
21
21
21
21
21
21
21
21
21
21
21
21
21
21
21
21
20
20
20
20
20
20
20
20
20
20
20
20
20
20
20
20
20
20
20
20
20
20
20
20
19
19
19
19
19
19
19
19
19
19
19
19
19
18
18
18
18
18
18
18
18
18
18
18
18
18
18
18
18
18
18
18
18
18
18
18
18
18
18
18
17
17
17
17
17
17
17
17
17
17
17
17
16
16
16
16
16
16
16
16
16
16
16
16
15
15
15
15
15
15
15
15
15
15
15
15
15
15
14
14
14
14
14
14
14
14
14
13
13
13
13
13
13
13
13
13
13
13
13
13
13
13
13
12
12
12
12
12
12
12
12
12
12
12
12
12
12
12
12
12
12
12
12
12
11
11
11
11
11
11
11
11
11
11
11
11
11
11
11
11
10
10
10
10
10
10
10
10
10
10
10
10
10
10
10
10
9
9
9
9
9
9
9
9
9
8
8
8
8
8
8
8
8
8
8
8
8
8
8
8
8
7
7
7
7
7
7
7
7
7
7
7
7
7
7
7
7
7
7
7
6
6
6
6
6
6
6
6
6
6
6
6
6
6
6
6
5
5
5
5
5
5
5
5
5
5
5
5
4
4
4
4
4
4
4
4
4
4
4
4
4
4
4
4
4
3
3
3
3
3
3
3
3
3
3
3
3
3
3
3
2
2
2
2
2
2
2
2
2
2
2
2
2
2
2
1
1
1
1
1
1
1
1
1
1
1
1
1
1
1
1
