1800
58
86
68
94
11
47
79
87
76
57
48
12
28
27
6
94
93
42
10
86
42
100
60
28
20
44
89
31
17
10
36
42
49
21
80
78
85
1
17
67
69
4
92
99
98
65
38
30
35
94
14
49
12
76
35
29
59
44
17
10
3
26
26
89
64
66
74
83
73
47
34
38
94
15
56
9
14
38
76
52
44
81
31
12
53
58
92
39
1
80
98
53
43
51
93
86
61
92
65
45
87
51
68
4
91
64
73
57
49
99
39
76
17
17
63
82
68
3
91
26
61
25
37
69
79
42
57
42
6
89
12
12
57
68
80
29
8
27
96
45
65
66
73
98
89
84
39
57
31
88
3
79
87
19
52
40
53
71
43
93
64
29
8
23
41
60
18
16
18
47
21
34
67
51
19
74
44
81
65
81
58
4
88
41
97
17
55
49
40
26
86
18
37
88
43
41
75
87
79
29
50
16
31
100
95
27
69
33
22
5
28
96
90
30
1
7
18
55
48
9
42
33
16
33
15
87
90
97
11
4
40
50
47
54
74
26
67
1
91
39
98
33
22
6
49
57
27
17
18
40
30
36
85
47
76
100
75
83
38
72
25
71
94
23
13
57
93
14
33
71
15
35
34
52
92
17
82
21
95
45
53
27
10
72
91
16
54
75
41
12
46
42
47
28
17
100
100
94
65
9
76
5
13
6
53
99
51
48
44
90
89
93
40
39
9
26
5
43
27
56
58
83
89
87
52
5
69
2
78
71
96
2
6
99
90
73
60
63
47
77
3
97
19
5
90
63
97
20
85
67
1
24
8
27
69
9
17
2
21
15
93
73
29
80
42
52
59
23
74
24
63
64
30
38
15
75
15
13
14
58
75
51
37
95
75
35
14
84
98
94
12
83
99
77
28
44
14
82
86
89
32
88
82
69
95
66
41
74
48
57
25
49
4
99
12
41
53
99
100
1
34
55
80
55
12
94
55
43
52
3
59
30
56
5
64
17
98
15
93
77
59
96
24
29
65
61
51
12
58
58
34
5
44
18
96
13
81
14
1
16
35
9
63
83
97
38
18
37
80
14
97
34
66
17
41
15
18
21
56
56
28
14
6
99
86
37
39
31
57
95
99
83
66
99
98
34
73
61
98
81
61
85
10
16
80
35
1
34
58
75
52
90
97
5
34
100
26
65
73
57
47
49
9
98
6
60
90
93
6
70
21
22
21
1
3
45
49
24
98
65
41
4
2
64
24
35
44
23
7
47
45
51
61
96
32
37
59
60
96
19
74
42
73
17
92
76
10
2
83
83
70
96
6
77
88
90
82
53
92
13
17
59
22
24
85
87
89
58
33
72
32
33
49
96
99
35
55
75
30
87
86
18
9
50
8
16
83
68
64
25
47
20
7
66
12
57
33
92
19
45
65
84
35
76
39
72
75
73
38
68
80
38
52
83
56
44
39
45
85
77
5
70
32
2
15
12
3
21
100
61
57
65
96
67
10
98
64
23
86
19
56
31
16
69
32
69
30
12
98
10
98
95
28
11
70
9
64
100
11
63
65
10
46
34
6
60
37
59
66
79
77
14
56
88
61
82
94
33
72
37
75
22
93
46
65
10
85
23
80
51
18
54
1
70
43
92
39
20
82
68
91
82
22
49
73
81
37
95
13
49
33
100
56
80
94
6
99
87
43
57
86
54
32
96
33
56
15
45
4
12
42
60
87
15
72
97
59
72
62
53
82
4
87
73
26
36
100
96
31
57
19
86
8
97
100
83
88
80
40
50
47
98
57
67
34
28
26
62
79
68
86
6
80
50
100
35
28
62
21
94
30
48
98
51
24
41
98
39
50
30
60
90
90
32
93
49
61
70
64
29
76
68
63
94
28
60
68
38
39
16
38
4
95
40
31
62
65
31
18
45
77
63
73
75
1
85
40
70
6
76
26
26
46
3
81
85
20
51
53
52
92
36
15
69
94
91
39
51
30
19
38
62
78
26
14
27
79
87
29
84
82
90
51
99
23
97
26
92
70
88
72
78
48
93
41
63
54
29
77
12
52
5
72
91
97
25
50
81
8
47
19
15
77
33
98
67
12
92
33
34
39
35
45
54
17
20
15
66
58
26
23
77
71
89
94
93
13
70
88
21
27
51
86
87
43
35
77
4
21
57
48
52
80
8
43
77
32
73
99
93
42
73
84
98
58
56
37
90
12
80
42
68
76
70
26
81
92
76
39
89
89
6
31
85
18
59
83
4
74
96
69
68
69
11
81
34
96
98
74
36
52
19
63
30
59
15
26
29
5
84
12
66
65
100
99
31
82
1
2
42
22
88
63
65
80
45
12
90
86
73
45
82
4
87
2
87
3
43
30
47
82
34
78
94
56
63
39
95
31
40
84
8
28
83
60
31
53
29
88
69
90
7
84
12
33
42
49
36
73
99
10
94
31
31
49
1
70
34
30
29
10
16
30
39
73
34
87
45
33
48
63
77
69
8
27
62
16
13
42
36
81
88
94
83
74
31
24
39
24
8
87
77
3
58
76
80
7
75
19
81
32
28
42
26
32
85
95
84
17
84
23
74
72
3
70
82
95
11
74
7
12
10
26
54
94
51
22
10
92
91
48
39
40
14
66
27
33
28
36
19
100
8
89
76
45
58
74
21
9
78
62
25
100
71
25
72
76
7
99
71
100
22
38
38
90
24
83
45
59
66
28
58
31
52
61
37
27
89
13
25
70
18
80
44
63
47
94
80
39
9
81
51
77
64
29
45
2
65
63
37
61
52
35
77
86
80
80
33
18
16
95
25
1
39
34
7
46
67
63
15
94
74
89
44
83
25
94
18
79
76
20
61
57
58
54
86
41
79
97
54
40
21
4
95
83
96
74
72
53
91
75
72
15
60
23
65
52
92
42
87
12
21
22
20
58
100
2
43
71
37
43
63
75
94
34
12
14
40
68
61
100
2
29
11
97
26
74
68
43
11
94
71
7
23
17
55
80
41
14
6
41
18
44
11
74
33
85
46
54
91
37
1
26
72
46
98
55
14
86
46
64
7
39
31
95
14
78
43
98
22
56
59
15
10
36
90
80
85
10
72
78
14
92
23
39
4
60
44
2
15
47
85
45
7
41
79
55
24
18
62
22
42
83
93
85
69
98
84
62
46
37
69
82
82
76
8
28
64
89
84
15
99
72
38
71
98
78
60
68
98
39
64
93
1
70
94
41
32
99
42
9
32
48
67
66
5
34
8
39
83
63
100
19
74
31
14
30
93
87
97
34
81
20
68
57
99
2
35
13
28
11
76
19
68
1
7
36
15
19
73
37
32
60
1
92
56
5
71
70
18
6
81
68
61
95
100
9
72
37
83
85
19
21
85
90
78
30
75
38
88
76
17
35
59
12
16
30
56
26
59
27
54
13
63
80
10
39
74
56
100
53
74
73
91
79
39
22
43
94
42
81
41
97
82
77
27
1
44
51
45
8
83
23
26
49
16
30
29
47
75
58
11
70
35
55
41
22
75
74
56
38
81
61
68
26
53
95
90
97
6
94
16
57
54
75
64
9
36
17
8
46
95
70
34
97
3
58
59
60
4
58
95
55
32
81
64
37
60
98
12
99
7
96
54
18
34
82
87
58
6
14
8
91
9
16
84
44
32
91
15
51
17
20
20
24
51
74
2
76
82
5
35
22
51
55
82
37
52
94
64
68
67
47
63
69
11
92
21
76
82
27
50
33
42
24
6
63
89
62
81
77
65
29
60
61
95
49
20
12
80
31
64
23
16
88
33
21
43
60
5
93
78
77
68
61
45
64
6
9
62
94
87
77
17
21
90
30
4
52
35
4
94
98
2
13
45
66
76
63
91
3
100
68
32
35
74
1
6
61
27
71
68
30
28
41
57
67
1
97
45
54
69
14
64
76
75
76
86
78
44
67
40
57
80
52
26
64
48
30
79
86
42
65
84
39
44
56
21
80
67
50
34
68
43
5
23
66
14
26
100
70
54
64
76
85
3
64
82
35
16
20
93
64
57
7
35
72
69
3
75
57
82
86
25
94
63
91
56
17
99
52
82
6
54
38
75
51
77
66
48
100
100
100
100
100
100
100
100
100
100
100
100
100
100
100
100
100
100
100
100
100
100
100
100
100
100
100
99
99
99
99
99
99
99
99
99
99
99
99
99
99
99
99
98
98
98
98
98
98
98
98
98
98
98
98
98
97
97
97
97
97
97
97
97
97
97
97
97
97
97
96
96
96
96
96
96
96
96
96
96
96
96
96
96
96
96
96
96
96
96
96
96
96
96
96
96
95
95
95
95
95
95
95
95
95
95
95
95
94
94
94
94
94
94
94
94
94
94
94
94
94
94
94
94
94
94
94
94
93
93
93
93
93
93
93
93
93
93
93
93
93
93
93
93
93
93
93
93
93
93
93
92
92
92
92
92
92
92
92
92
92
92
92
92
92
92
92
91
91
91
91
91
91
91
91
91
91
91
91
91
91
91
91
90
90
90
90
90
90
90
90
90
90
90
90
90
90
90
90
90
90
90
89
89
89
89
89
89
89
89
89
89
89
89
89
89
89
89
88
88
88
88
88
88
88
88
88
88
88
88
88
88
88
88
88
88
87
87
87
87
87
87
87
87
87
87
87
87
87
87
87
86
86
86
86
86
86
86
86
86
86
86
86
86
86
86
86
86
86
86
85
85
85
85
85
85
85
85
85
85
85
85
85
85
85
85
84
84
84
84
84
84
84
84
84
84
84
84
84
84
84
83
83
83
83
83
83
83
83
83
83
83
82
82
82
82
82
82
82
82
82
82
82
82
82
82
82
82
82
82
82
82
82
82
82
82
82
82
81
81
81
81
81
81
81
81
81
81
81
81
81
81
81
81
81
81
81
81
81
80
80
80
80
80
80
80
80
80
80
80
80
80
80
80
80
80
80
80
80
80
79
79
79
79
79
79
79
79
79
79
79
79
79
79
79
79
79
79
79
78
78
78
78
78
78
78
78
78
78
78
78
78
78
78
78
78
78
78
77
77
77
77
77
77
77
77
77
77
77
77
77
77
76
76
76
76
76
76
76
76
76
76
76
76
76
76
76
75
75
75
75
75
75
75
75
75
75
75
75
75
75
74
74
74
74
74
74
74
74
74
74
74
74
74
74
74
74
74
74
73
73
73
73
73
73
73
73
73
73
73
73
73
73
73
73
73
73
73
73
72
72
72
72
72
72
72
72
72
72
72
72
72
72
72
72
72
72
72
72
72
71
71
71
71
71
71
71
71
71
71
71
71
71
71
70
70
70
70
70
70
70
70
70
70
70
70
70
70
70
70
70
70
70
69
69
69
69
69
69
69
69
69
69
69
69
69
69
69
69
69
69
69
69
69
69
69
69
69
68
68
68
68
68
68
68
68
68
68
68
68
68
68
67
67
67
67
67
67
67
67
67
67
67
67
67
67
67
67
67
67
67
67
67
67
66
66
66
66
66
66
66
66
66
66
66
66
66
66
66
66
66
66
66
66
66
65
65
65
65
65
65
65
65
65
65
65
65
65
65
65
65
65
65
64
64
64
64
64
64
64
64
64
64
64
64
64
64
64
64
64
64
63
63
63
63
63
63
63
63
63
63
63
63
63
63
63
63
63
63
63
63
63
62
62
62
62
62
62
62
62
62
62
62
62
62
62
62
62
61
61
61
61
61
61
61
61
61
61
61
61
61
60
60
60
60
60
60
60
60
60
60
60
60
60
60
60
60
60
60
60
60
60
60
60
60
59
59
59
59
59
59
59
59
59
59
59
59
59
59
59
59
59
58
58
58
58
58
58
58
58
58
58
58
58
58
58
58
57
57
57
57
57
57
57
57
57
57
57
57
57
57
57
57
57
56
56
56
56
56
56
56
56
56
56
56
56
56
56
56
56
56
56
56
56
56
55
55
55
55
55
55
55
55
55
55
55
55
55
55
55
55
55
55
55
55
55
55
55
55
55
55
54
54
54
54
54
54
54
54
54
54
54
54
54
54
54
54
54
54
54
54
53
53
53
53
53
53
53
53
53
53
53
53
53
53
53
53
53
53
53
53
52
52
52
52
52
52
52
52
52
52
52
52
52
52
52
52
52
52
52
52
51
51
51
51
51
51
51
51
51
51
51
51
51
50
50
50
50
50
50
50
50
50
50
50
50
50
50
50
50
49
49
49
49
49
49
49
49
49
49
49
49
49
49
49
49
49
48
48
48
48
48
48
48
48
48
48
48
48
48
48
48
47
47
47
47
47
47
47
47
47
47
47
47
47
47
47
47
47
47
47
47
47
47
47
46
46
46
46
46
46
46
46
46
46
46
46
46
46
46
46
46
46
46
46
45
45
45
45
45
45
45
45
45
45
45
45
45
45
45
45
44
44
44
44
44
44
44
44
44
44
44
44
44
44
44
44
44
44
44
44
44
44
44
44
43
43
43
43
43
43
43
43
43
43
43
43
43
43
43
43
43
43
43
42
42
42
42
42
42
42
42
42
42
42
42
42
42
42
42
42
41
41
41
41
41
41
41
41
41
41
41
41
40
40
40
40
40
40
40
40
40
40
40
40
40
40
40
40
40
40
40
40
40
40
39
39
39
39
39
39
39
39
39
39
39
39
39
39
39
39
39
39
38
38
38
38
38
38
38
38
38
38
38
38
38
38
38
38
37
37
37
37
37
37
37
37
37
37
37
37
37
37
37
37
37
37
37
37
36
36
36
36
36
36
36
36
36
36
36
36
36
36
36
36
36
36
36
36
35
35
35
35
35
35
35
35
35
35
35
35
35
35
35
35
35
35
35
35
35
35
35
35
35
35
35
34
34
34
34
34
34
34
34
34
34
34
34
34
33
33
33
33
33
33
33
33
33
33
33
33
33
33
33
33
33
32
32
32
32
32
32
32
32
32
32
32
32
32
32
32
32
32
32
31
31
31
31
31
31
31
31
31
31
31
31
31
31
31
31
31
31
31
31
31
31
30
30
30
30
30
30
30
30
30
30
30
30
30
30
30
30
30
30
30
30
30
29
29
29
29
29
29
29
29
29
29
29
29
29
29
29
29
29
29
29
29
29
28
28
28
28
28
28
28
28
28
28
28
28
28
28
27
27
27
27
27
27
27
27
27
27
27
27
27
27
27
26
26
26
26
26
26
26
26
26
26
26
26
26
26
26
26
26
25
25
25
25
25
25
25
25
25
25
24
24
24
24
24
24
24
24
24
24
24
24
24
24
24
24
24
24
24
24
24
24
23
23
23
23
23
23
23
23
23
23
23
23
23
23
23
23
23
23
23
23
22
22
22
22
22
22
22
22
22
22
22
22
22
22
22
22
22
22
22
21
21
21
21
21
21
21
21
21
21
21
21
21
21
21
21
21
21
21
21
20
20
20
20
20
20
20
20
20
20
20
20
20
20
20
20
20
20
20
20
20
20
20
19
19
19
19
19
19
19
19
19
19
19
19
18
18
18
18
18
18
18
18
18
18
18
18
18
18
18
18
18
18
17
17
17
17
17
17
17
17
17
17
17
17
17
17
17
17
17
17
16
16
16
16
16
16
16
16
16
16
16
16
16
16
15
15
15
15
15
15
15
15
15
15
15
15
15
14
14
14
14
14
14
14
14
14
14
14
14
14
14
14
14
14
14
13
13
13
13
13
13
13
13
13
13
13
13
13
13
13
13
13
13
12
12
12
12
12
12
12
12
12
12
12
12
12
11
11
11
11
11
11
11
11
11
11
11
11
10
10
10
10
10
10
10
10
10
10
10
10
10
10
10
10
10
10
10
10
10
9
9
9
9
9
9
9
9
9
9
9
9
9
9
9
9
9
9
9
9
8
8
8
8
8
8
8
8
8
8
8
8
8
8
8
7
7
7
7
7
7
7
7
7
7
7
7
7
7
6
6
6
6
6
6
6
6
6
6
6
6
6
6
6
6
6
6
5
5
5
5
5
5
5
5
5
5
5
5
5
5
5
5
4
4
4
4
4
4
4
4
4
4
4
4
4
4
4
4
4
3
3
3
3
3
3
3
3
3
3
3
3
3
3
3
3
3
2
2
2
2
2
2
2
2
2
2
2
2
2
2
2
2
2
2
2
1
1
1
1
1
1
1
1
1
1
1
1
1
1
1
1
1
1
1
