1900
86
71
78
21
87
8
78
53
55
36
89
52
86
14
79
85
82
48
91
17
67
39
28
82
80
48
94
36
12
77
7
31
94
3
14
36
49
2
57
44
39
12
23
11
1
91
20
2
48
39
56
53
80
80
26
53
15
38
45
7
72
44
87
39
97
20
100
20
59
47
25
21
48
38
84
100
57
88
42
70
70
42
84
45
21
73
3
69
84
21
22
6
59
97
17
59
81
78
19
71
8
20
42
20
15
50
48
75
90
14
77
13
69
55
13
3
47
23
81
16
67
89
27
44
38
42
84
59
85
69
31
74
45
13
56
77
13
72
85
94
54
12
10
9
94
69
20
11
32
3
56
54
99
61
34
55
5
69
61
62
36
23
20
4
19
60
7
75
87
52
11
36
47
83
47
4
27
55
80
60
63
11
65
7
90
38
34
92
90
76
2
84
15
30
61
22
16
96
46
88
23
75
82
31
81
99
54
48
78
40
55
56
54
8
3
93
78
74
20
66
37
14
30
23
94
77
20
97
81
18
48
1
7
2
98
87
83
47
95
36
36
29
98
87
93
10
100
26
38
72
17
100
17
76
19
17
6
91
76
72
30
70
20
39
54
74
76
58
50
19
39
63
44
29
59
25
53
31
98
35
91
54
16
32
99
45
12
23
30
92
41
78
21
58
53
77
24
51
32
80
8
27
69
82
8
96
61
72
88
8
61
52
13
63
77
62
18
71
63
80
86
73
13
30
43
97
28
40
86
71
49
66
32
4
86
45
98
98
31
28
21
92
50
78
7
36
37
89
39
74
97
71
15
39
25
94
46
61
51
64
94
91
38
45
3
35
94
52
64
96
95
47
68
38
20
25
46
11
19
38
25
14
67
36
95
96
11
40
75
30
56
1
50
75
39
16
58
51
45
17
12
70
93
100
85
89
2
79
90
79
12
4
85
31
100
5
69
71
85
100
65
72
54
51
29
57
78
2
71
46
86
88
13
29
2
58
90
89
35
62
42
55
70
84
13
14
87
10
19
79
88
83
62
27
8
38
54
38
48
53
89
44
10
54
50
9
47
20
53
89
4
89
41
84
81
6
28
71
9
81
30
85
3
77
33
87
81
26
4
11
54
23
57
64
62
67
59
40
42
59
61
18
55
39
30
78
64
31
78
5
35
12
3
14
13
68
48
37
41
48
73
33
24
32
54
91
82
66
33
41
2
73
84
63
96
13
83
3
98
82
78
37
19
11
38
37
15
65
11
58
6
83
36
47
93
43
35
1
57
58
6
47
9
92
69
81
10
88
16
69
54
33
8
48
55
25
91
97
98
38
49
12
28
46
13
34
92
91
41
95
68
97
44
30
53
1
86
3
45
50
11
32
75
88
19
32
15
47
83
9
93
99
97
29
86
34
76
24
71
100
4
44
26
7
68
8
84
37
93
62
55
74
97
54
65
15
21
25
97
19
81
5
27
51
16
44
92
96
48
75
11
75
66
8
67
10
93
76
15
86
75
3
60
82
19
50
13
14
27
71
89
100
14
19
61
83
92
45
93
37
57
61
92
64
88
84
81
40
67
23
66
69
85
49
45
16
35
46
37
19
90
11
14
84
23
15
88
29
32
59
34
71
3
40
84
19
14
54
90
14
15
20
94
28
69
17
93
37
100
71
3
83
79
73
96
84
91
63
88
12
78
89
3
73
75
36
4
10
71
99
50
80
86
83
16
28
49
49
66
69
94
54
55
1
66
95
71
85
60
22
16
13
64
53
45
89
14
55
44
2
60
60
3
57
42
14
91
9
75
2
17
12
44
20
15
32
23
18
3
2
20
44
31
48
51
20
54
89
33
59
53
87
49
60
60
70
55
34
66
53
65
36
3
16
44
49
32
21
35
20
63
52
25
78
73
58
70
59
51
28
80
11
73
66
33
90
16
36
34
83
48
72
99
20
70
38
37
48
90
20
76
71
42
47
67
23
51
53
63
8
50
6
84
95
74
87
94
55
40
60
55
75
38
34
92
57
7
85
86
58
49
28
63
24
91
29
51
85
24
20
17
97
36
90
62
93
66
1
68
88
85
77
81
95
78
31
9
22
47
97
63
1
30
88
48
65
50
23
67
93
58
71
28
2
74
12
97
36
25
31
32
9
14
31
13
79
60
43
52
78
33
68
89
54
27
88
74
77
44
11
28
74
1
72
26
73
77
66
31
54
29
52
75
16
74
52
61
79
21
75
70
85
22
86
1
55
60
50
76
51
6
66
34
84
7
81
21
42
79
26
89
62
83
46
41
96
83
80
66
40
5
5
57
56
10
22
26
89
39
68
24
46
79
74
31
63
27
4
27
55
79
64
8
10
4
30
66
4
18
77
99
55
21
79
48
26
40
20
50
99
27
25
75
32
7
76
94
15
65
95
72
64
86
78
15
70
1
34
88
58
66
94
25
65
6
23
94
27
8
82
9
80
42
18
41
14
78
70
74
82
40
22
58
54
58
3
89
99
14
37
69
83
17
6
9
75
47
8
6
79
3
30
74
63
10
25
89
30
24
44
6
13
41
20
79
95
85
19
7
85
21
96
40
97
17
18
72
8
85
66
11
90
35
35
64
61
74
4
44
56
21
29
61
35
36
78
18
47
54
14
1
40
46
59
2
11
15
75
33
77
60
51
90
81
34
26
67
96
89
33
93
86
56
57
18
80
63
90
77
47
13
48
54
67
20
31
2
66
33
49
1
21
74
23
20
13
40
43
98
90
32
78
24
59
38
95
80
99
14
42
98
18
83
67
61
58
64
89
22
37
41
12
49
62
62
46
79
63
79
75
34
86
68
42
67
10
92
98
25
99
29
42
82
71
55
8
88
72
91
35
3
43
91
81
55
66
60
54
46
70
41
6
36
83
7
78
5
86
7
48
52
79
100
73
24
37
13
100
20
8
53
24
27
39
29
14
84
98
68
47
56
30
1
5
88
30
10
95
59
44
78
27
4
27
21
2
51
98
47
30
24
18
6
65
77
16
4
51
59
54
5
43
18
56
57
97
10
14
63
12
89
13
18
88
79
73
53
91
53
10
32
75
79
60
26
97
61
46
89
72
35
60
97
37
51
55
86
38
69
52
23
87
40
22
44
66
90
92
90
68
52
82
91
2
17
42
31
84
19
96
86
94
16
58
80
10
23
21
37
17
55
70
65
99
96
51
84
95
97
93
28
46
69
28
50
63
33
39
93
24
57
54
60
94
59
57
88
74
85
61
45
22
99
49
82
69
28
22
33
33
48
56
65
94
57
4
36
91
28
48
42
4
89
74
18
73
50
49
63
58
24
45
5
67
94
23
65
87
39
65
7
77
87
37
42
85
33
69
23
16
63
27
99
24
25
7
71
85
21
95
93
80
99
93
87
60
59
57
32
12
8
87
43
16
86
32
16
99
22
77
22
41
91
80
37
99
97
90
14
52
52
35
93
49
11
67
59
16
56
97
84
28
9
50
22
76
54
41
93
97
49
85
32
57
38
68
13
50
16
48
3
27
4
64
21
31
71
99
39
15
24
32
77
87
66
14
75
53
78
29
76
72
14
88
69
49
80
15
33
78
45
46
26
41
45
18
50
30
88
58
16
91
22
4
37
71
6
81
12
73
32
56
7
35
87
62
2
49
79
49
48
36
5
40
69
56
4
91
12
94
68
12
36
47
20
36
48
17
98
6
29
82
2
75
87
21
46
54
3
15
82
35
5
93
94
49
58
74
45
100
84
5
58
17
82
7
32
43
89
7
81
97
66
77
97
8
40
72
80
68
48
16
53
29
78
3
32
2
72
48
87
64
74
4
70
59
92
49
94
7
95
48
1
4
1
76
49
31
38
32
70
1
99
93
31
91
58
100
89
59
59
96
92
10
15
10
97
29
56
9
21
6
4
84
46
24
93
70
57
70
30
42
77
83
65
65
67
25
85
20
100
28
82
10
99
5
33
41
44
79
70
36
77
10
82
63
86
47
11
81
100
97
33
19
84
57
1
71
96
78
17
96
27
35
50
52
67
98
25
64
17
39
35
55
23
98
96
27
82
42
72
74
49
73
26
14
21
27
14
72
20
72
32
35
95
35
5
92
81
36
40
19
88
72
36
2
3
49
95
9
46
59
45
8
32
98
42
45
21
91
94
33
24
57
82
57
68
52
7
92
40
67
69
49
38
83
26
1
30
23
2
31
1
11
35
68
53
13
52
51
76
89
48
40
75
68
11
9
13
56
15
54
29
28
85
80
91
90
9
73
52
94
32
86
90
20
91
22
43
9
89
32
25
89
29
30
15
83
19
24
100
100
100
100
100
100
100
100
100
100
100
100
100
100
100
100
100
100
100
99
99
99
99
99
99
99
99
99
99
99
99
99
99
99
99
99
99
99
99
99
99
99
99
99
98
98
98
98
98
98
98
98
98
98
98
98
98
98
98
98
98
98
98
98
98
98
97
97
97
97
97
97
97
97
97
97
97
97
97
97
97
97
97
97
97
96
96
96
96
96
96
96
96
96
96
96
96
96
95
95
95
95
95
95
95
95
95
95
95
95
95
95
95
95
95
95
95
95
95
94
94
94
94
94
94
94
94
94
94
94
94
94
94
94
94
94
93
93
93
93
93
93
93
93
93
93
93
93
93
93
93
93
93
92
92
92
92
92
92
92
92
92
92
92
92
92
92
92
92
92
92
92
92
91
91
91
91
91
91
91
91
91
91
91
91
91
91
91
91
91
91
91
91
91
91
91
91
90
90
90
90
90
90
90
90
90
90
90
90
90
90
90
90
90
90
90
90
90
90
90
90
89
89
89
89
89
89
89
89
89
89
89
88
88
88
88
88
88
88
88
88
88
88
88
88
88
88
88
88
88
88
88
88
88
88
88
88
87
87
87
87
87
87
87
87
87
87
87
87
87
87
87
87
87
87
86
86
86
86
86
86
86
86
86
86
86
86
86
86
86
86
86
86
86
86
86
86
86
86
86
86
85
85
85
85
85
85
85
85
85
85
85
85
85
85
84
84
84
84
84
84
84
84
84
84
84
84
84
84
84
84
84
84
84
84
84
83
83
83
83
83
83
83
83
83
83
83
83
83
83
82
82
82
82
82
82
82
82
82
82
82
82
82
82
82
82
82
82
81
81
81
81
81
81
81
81
81
81
81
81
81
81
81
81
81
81
81
81
80
80
80
80
80
80
80
80
80
80
80
80
80
80
80
80
80
80
80
80
80
80
80
80
79
79
79
79
79
79
79
79
79
79
79
79
79
79
79
79
79
79
79
79
78
78
78
78
78
78
78
78
78
78
78
78
78
78
78
78
78
78
78
78
77
77
77
77
77
77
77
77
77
77
77
77
77
77
77
77
77
77
77
77
77
77
77
77
77
77
77
77
77
77
76
76
76
76
76
76
76
76
76
76
76
76
76
76
76
75
75
75
75
75
75
75
75
75
75
75
75
75
75
75
75
75
75
75
74
74
74
74
74
74
74
74
74
74
74
74
73
73
73
73
73
73
73
73
73
73
73
73
73
73
73
73
73
72
72
72
72
72
72
72
72
72
72
72
72
72
72
72
72
72
72
71
71
71
71
71
71
71
71
71
71
71
71
71
71
71
71
71
70
70
70
70
70
70
70
70
70
70
70
70
70
70
70
70
70
70
69
69
69
69
69
69
69
69
69
69
69
69
69
69
69
69
69
69
69
69
69
68
68
68
68
68
68
68
68
68
68
68
68
68
68
68
68
68
68
68
68
67
67
67
67
67
67
67
67
67
67
67
67
67
67
67
67
67
67
67
67
67
67
67
67
66
66
66
66
66
66
66
66
66
66
66
66
66
66
66
66
66
66
66
66
65
65
65
65
65
65
65
65
65
65
65
65
65
65
64
64
64
64
64
64
64
64
64
64
64
64
64
64
64
64
63
63
63
63
63
63
63
63
63
63
63
63
63
63
63
63
63
63
63
63
62
62
62
62
62
62
62
62
62
62
62
62
62
62
62
62
62
62
62
62
62
62
62
62
62
62
62
61
61
61
61
61
61
61
61
61
61
61
61
61
60
60
60
60
60
60
60
60
60
60
60
60
60
60
60
60
59
59
59
59
59
59
59
59
59
59
59
59
59
59
59
59
58
58
58
58
58
58
58
58
58
58
58
58
58
58
58
58
58
58
58
58
58
58
58
57
57
57
57
57
57
57
57
57
57
57
57
57
57
57
57
57
56
56
56
56
56
56
56
56
56
56
56
56
56
56
56
56
56
56
56
55
55
55
55
55
55
55
55
55
55
55
55
55
55
55
55
55
55
55
54
54
54
54
54
54
54
54
54
54
54
54
54
54
54
54
53
53
53
53
53
53
53
53
53
53
53
53
53
53
52
52
52
52
52
52
52
52
52
52
52
52
52
52
52
52
52
52
52
52
52
51
51
51
51
51
51
51
51
51
51
51
51
51
50
50
50
50
50
50
50
50
50
50
50
50
50
50
50
50
50
50
50
49
49
49
49
49
49
49
49
49
49
49
49
49
49
49
49
49
49
49
49
49
49
48
48
48
48
48
48
48
48
48
48
48
48
48
48
47
47
47
47
47
47
47
47
47
47
47
47
47
47
47
47
47
47
47
47
47
47
47
47
46
46
46
46
46
46
46
46
46
46
46
46
46
46
46
46
46
46
46
46
46
46
46
46
46
45
45
45
45
45
45
45
45
45
45
45
45
45
45
45
45
44
44
44
44
44
44
44
44
44
44
44
44
44
44
44
44
43
43
43
43
43
43
43
43
43
43
43
43
43
43
43
43
43
43
43
43
42
42
42
42
42
42
42
42
42
42
42
42
42
42
42
41
41
41
41
41
41
41
41
41
41
41
41
41
41
41
41
41
41
41
41
41
41
41
41
41
41
40
40
40
40
40
40
40
40
40
40
40
40
40
40
40
40
40
40
39
39
39
39
39
39
39
39
39
39
39
39
39
39
39
39
39
39
39
38
38
38
38
38
38
38
38
38
38
38
38
38
38
38
38
38
37
37
37
37
37
37
37
37
37
37
37
37
37
37
37
37
37
37
36
36
36
36
36
36
36
36
36
36
36
36
36
36
36
36
36
36
36
36
36
36
36
35
35
35
35
35
35
35
35
35
35
35
35
35
35
35
35
35
35
35
35
35
35
35
35
34
34
34
34
34
34
34
34
34
34
34
34
34
34
34
34
34
34
33
33
33
33
33
33
33
33
33
33
33
33
33
33
33
33
33
32
32
32
32
32
32
32
32
32
32
32
32
31
31
31
31
31
31
31
31
31
31
31
31
31
31
31
31
31
30
30
30
30
30
30
30
30
30
30
30
30
30
30
30
30
30
30
30
30
30
30
30
29
29
29
29
29
29
29
29
29
29
29
29
29
29
29
29
29
29
29
29
28
28
28
28
28
28
28
28
28
28
28
28
28
28
28
28
28
28
27
27
27
27
27
27
27
27
27
27
27
27
27
27
27
27
27
27
27
27
27
27
26
26
26
26
26
26
26
26
26
26
26
26
26
26
26
26
26
26
25
25
25
25
25
25
25
25
25
25
25
25
25
25
25
25
25
25
24
24
24
24
24
24
24
24
24
24
24
24
24
24
24
24
24
24
24
24
23
23
23
23
23
23
23
23
23
23
23
23
23
23
23
22
22
22
22
22
22
22
22
22
22
22
22
22
22
22
22
22
22
22
22
22
22
22
22
21
21
21
21
21
21
21
21
21
21
21
21
21
20
20
20
20
20
20
20
20
20
20
20
20
20
20
20
20
20
20
20
20
19
19
19
19
19
19
19
19
19
19
19
19
19
19
19
19
18
18
18
18
18
18
18
18
18
18
18
18
18
18
18
18
18
17
17
17
17
17
17
17
17
17
17
17
17
17
17
16
16
16
16
16
16
16
16
16
16
16
16
16
16
16
16
16
16
16
16
16
16
16
16
16
15
15
15
15
15
15
15
15
15
15
15
15
15
15
15
15
15
14
14
14
14
14
14
14
14
14
14
14
14
14
14
13
13
13
13
13
13
13
13
13
13
13
13
13
13
13
13
13
13
13
13
12
12
12
12
12
12
12
12
12
12
12
12
12
12
12
12
12
12
12
12
11
11
11
11
11
11
11
11
11
11
11
11
11
11
11
11
11
11
11
11
11
11
11
11
11
11
11
11
11
11
10
10
10
10
10
10
10
10
10
10
10
10
10
10
10
10
10
10
10
9
9
9
9
9
9
9
9
9
9
9
9
9
9
9
9
9
9
9
8
8
8
8
8
8
8
8
8
8
8
8
8
8
8
8
8
8
8
8
8
8
8
8
7
7
7
7
7
7
7
7
7
7
7
7
7
7
7
7
7
7
7
7
6
6
6
6
6
6
6
6
6
6
6
6
6
6
6
6
6
6
6
6
6
5
5
5
5
5
5
5
5
5
5
5
5
5
5
5
5
5
5
4
4
4
4
4
4
4
4
4
4
4
4
4
4
4
3
3
3
3
3
3
3
3
3
3
3
3
3
3
3
3
3
2
2
2
2
2
2
2
2
2
2
2
2
2
2
2
2
2
1
1
1
1
1
1
1
1
1
1
1
1
1
1
1
1
1
1
1
