2000
63
52
7
50
74
56
24
79
67
53
16
11
71
63
77
77
35
65
12
49
87
85
45
82
21
92
42
34
14
58
6
83
37
95
59
43
11
93
54
63
86
25
2
39
13
96
72
23
62
76
85
37
37
14
5
65
70
5
13
45
94
33
44
21
10
91
86
40
97
40
54
20
49
60
88
83
5
31
80
66
81
21
63
54
56
70
77
15
38
89
71
20
8
64
42
44
12
3
85
9
39
19
12
70
6
84
99
87
13
88
59
98
95
26
65
45
24
91
34
60
35
74
97
8
100
9
86
49
97
22
5
12
11
68
92
89
34
100
30
49
37
13
23
93
17
23
50
63
40
75
93
21
38
90
13
64
59
8
96
11
94
40
59
12
66
47
25
33
71
57
44
87
61
91
46
35
54
18
56
55
47
88
22
26
55
89
65
63
34
72
45
85
43
55
73
32
85
30
55
55
77
23
98
90
97
46
90
65
98
31
65
58
28
10
5
73
98
40
4
53
60
58
49
9
18
31
16
5
5
1
67
94
95
26
54
13
10
93
60
4
20
59
39
77
14
30
27
68
34
56
50
93
90
11
32
57
41
91
81
14
61
71
36
7
27
34
76
15
13
35
73
66
82
59
45
35
73
21
5
6
89
17
89
23
47
71
78
10
24
95
88
36
65
30
14
37
86
53
29
4
23
36
1
17
11
61
48
53
46
67
62
66
47
78
51
18
19
12
9
73
38
7
71
60
32
11
91
37
85
39
100
77
23
22
83
69
55
19
17
29
100
4
19
63
89
17
94
64
72
42
63
87
18
5
36
26
13
49
5
89
10
69
49
96
29
82
24
96
36
6
85
62
6
33
42
45
40
94
74
49
21
64
75
35
84
63
81
96
15
70
50
40
7
29
33
8
54
38
69
81
61
57
8
1
52
77
15
66
93
35
38
59
17
52
44
27
30
51
58
37
97
91
56
49
14
71
4
5
78
83
93
87
90
45
46
34
28
56
74
12
72
73
57
2
42
73
99
22
93
82
65
31
17
2
94
54
13
71
47
51
62
78
65
91
65
51
23
31
90
12
23
67
22
62
84
12
3
63
1
18
85
23
56
14
86
56
18
66
88
76
2
10
59
23
77
67
26
5
96
68
48
24
82
85
9
50
8
49
24
33
48
67
67
69
32
89
72
74
23
37
36
74
49
69
91
78
59
14
93
92
88
53
56
52
43
13
90
46
26
48
76
16
49
99
90
46
47
14
1
31
35
76
55
89
72
89
52
36
37
72
73
63
87
77
20
54
49
27
45
59
12
7
42
5
100
20
3
1
65
14
69
12
16
67
5
37
15
10
93
14
27
47
45
86
36
5
17
70
8
7
62
59
3
33
79
27
44
28
70
68
1
18
82
93
70
98
47
77
41
81
28
25
15
25
21
79
59
70
49
13
78
8
36
26
12
51
18
29
66
61
88
96
7
32
68
21
30
25
89
15
36
27
87
87
51
41
18
57
22
99
1
56
53
96
42
12
64
38
51
50
4
41
59
89
70
19
68
75
20
100
39
8
71
99
28
78
57
8
33
85
46
65
35
2
8
29
1
2
65
65
92
80
27
35
100
79
18
96
38
89
20
60
89
62
100
48
29
45
5
20
49
12
45
81
89
83
13
80
59
33
16
16
94
85
20
59
75
15
33
27
43
8
25
92
93
68
30
57
94
79
10
5
57
37
49
85
26
43
25
98
78
33
49
90
48
35
62
84
95
34
89
91
9
52
14
83
33
8
12
78
13
97
87
19
55
79
36
53
24
45
18
28
5
49
19
29
6
24
92
35
88
16
25
30
21
57
7
44
15
57
73
81
80
89
56
19
66
59
31
48
36
88
77
98
9
87
10
25
96
49
22
25
76
31
35
32
37
84
1
5
43
8
40
56
69
27
86
51
100
74
71
70
32
12
40
56
76
36
66
41
71
57
97
54
99
23
80
79
78
79
33
82
28
13
61
96
20
9
79
31
50
82
18
65
11
51
65
75
91
18
96
92
78
98
89
38
38
6
78
37
23
46
100
15
50
68
59
61
35
90
91
100
6
17
52
8
43
28
57
88
50
58
68
96
94
20
16
50
73
76
83
63
43
63
54
19
93
43
62
48
84
56
79
85
47
30
46
75
68
85
42
79
65
75
67
75
91
15
72
59
84
83
87
88
31
95
40
25
2
8
50
50
66
86
87
48
5
24
72
80
15
21
57
12
49
84
45
40
82
38
45
47
10
76
67
56
75
14
59
80
23
12
1
63
32
79
77
20
68
15
89
31
91
47
5
42
55
6
36
24
36
26
96
100
93
15
34
27
61
83
90
88
41
53
12
100
46
78
96
8
29
8
49
92
54
3
36
19
74
54
42
68
32
42
81
100
58
15
27
18
99
67
22
69
37
80
70
91
56
76
59
34
66
38
26
100
46
82
78
13
92
9
3
27
100
33
76
8
64
19
94
51
57
14
93
29
81
18
65
19
4
23
76
54
50
59
40
1
85
76
67
49
16
25
1
85
78
40
35
51
77
94
37
37
53
70
67
70
43
11
5
56
68
13
10
51
96
100
50
26
31
55
99
26
30
85
98
24
35
89
10
52
31
39
40
63
90
50
18
74
97
16
72
5
3
18
16
90
47
14
97
74
95
4
44
92
33
98
69
40
49
72
31
33
35
70
33
4
75
72
62
63
83
77
72
82
61
87
82
16
69
63
47
10
45
64
62
41
68
71
46
46
20
77
37
40
66
47
36
20
49
80
42
43
97
16
91
43
79
48
32
29
76
99
65
51
22
22
39
100
11
82
44
4
25
65
62
30
50
49
72
17
31
77
51
71
76
35
23
71
43
63
61
12
32
53
86
80
36
61
34
47
55
87
78
77
41
46
9
48
68
92
42
34
84
41
21
9
56
56
93
49
37
62
64
30
88
97
2
12
21
20
23
65
77
51
33
5
68
21
39
93
22
18
85
59
85
75
35
55
62
95
47
29
41
66
89
76
92
74
25
77
69
55
16
23
100
30
91
39
4
7
57
14
74
20
4
83
63
89
74
46
25
67
2
49
18
26
14
14
12
19
72
19
34
19
96
85
79
50
31
50
38
70
60
98
81
70
92
93
36
22
4
81
41
64
67
74
66
23
67
23
21
48
28
3
98
36
66
72
30
10
75
91
94
34
91
74
83
23
45
93
79
48
3
11
20
81
11
41
73
81
44
93
80
35
80
70
89
68
35
44
57
100
24
77
26
85
83
19
38
37
1
59
93
44
73
25
34
74
58
36
67
43
54
9
29
79
27
8
32
62
97
67
73
92
90
77
26
5
30
86
37
51
10
99
34
51
32
61
65
15
65
90
52
89
15
17
96
68
75
1
51
27
39
37
64
83
95
30
23
30
23
45
86
8
89
5
4
92
49
71
99
26
21
4
56
8
33
44
91
51
75
61
68
95
85
90
7
15
31
63
83
33
37
71
71
96
80
16
24
27
8
50
57
84
7
95
76
15
75
76
6
19
37
17
84
30
84
75
42
97
30
91
93
86
40
47
67
39
29
50
19
14
63
27
20
3
82
89
6
46
70
58
73
87
49
93
76
57
62
3
76
80
7
75
34
71
91
28
11
78
19
41
43
68
20
50
76
85
16
27
12
94
52
91
85
91
52
90
53
23
14
95
70
49
86
42
98
99
39
21
77
78
34
63
59
90
10
3
91
92
91
50
50
11
77
89
77
20
80
98
24
64
49
62
44
88
27
54
5
31
87
43
92
59
73
8
56
20
74
95
15
37
24
35
21
60
86
100
15
24
24
91
69
3
56
64
14
54
83
63
35
66
13
13
17
86
12
16
100
26
15
58
25
97
16
17
76
86
22
51
70
2
38
45
66
64
19
96
9
51
51
28
42
91
7
82
97
63
86
76
53
30
87
31
45
64
54
36
33
84
69
72
77
95
29
98
36
49
94
71
38
89
71
88
18
8
44
82
48
45
96
64
97
84
59
36
75
61
55
1
62
55
33
5
7
32
76
77
21
6
51
8
54
12
9
95
55
29
17
40
97
25
42
58
60
19
70
35
55
52
37
19
30
52
89
57
34
40
48
47
8
9
12
34
89
99
15
90
15
38
47
73
5
58
95
63
64
86
43
52
44
31
88
63
69
79
60
43
35
44
72
66
73
75
1
6
92
12
73
93
50
62
19
53
85
37
15
15
76
93
76
67
5
68
45
4
78
92
19
35
85
99
73
12
100
32
55
69
16
43
89
23
33
33
7
43
97
59
54
98
99
99
40
34
79
6
74
35
6
29
89
25
34
100
87
46
83
56
16
82
98
97
51
54
1
68
42
48
64
2
44
90
65
54
79
33
92
7
79
67
27
54
97
37
100
64
1
61
76
32
60
86
85
46
52
5
76
77
88
74
67
18
24
38
29
10
9
19
24
51
88
67
61
78
72
64
31
64
82
24
72
58
58
33
36
11
32
30
96
90
93
68
95
91
96
21
95
16
60
13
15
94
15
100
36
35
30
42
100
100
100
100
100
100
100
100
100
100
100
100
100
100
100
100
99
99
99
99
99
99
99
99
99
99
99
99
99
99
99
99
99
99
99
99
99
99
99
99
98
98
98
98
98
98
98
98
98
98
98
98
98
98
98
98
98
98
98
98
98
98
98
98
97
97
97
97
97
97
97
97
97
97
97
97
97
97
96
96
96
96
96
96
96
96
96
96
96
96
96
96
96
96
96
96
96
96
96
96
96
96
96
95
95
95
95
95
95
95
95
95
95
95
95
95
95
95
94
94
94
94
94
94
94
94
94
94
94
94
94
94
94
94
94
94
94
94
94
94
94
93
93
93
93
93
93
93
93
93
93
93
93
93
93
93
93
92
92
92
92
92
92
92
92
92
92
92
92
92
92
92
92
92
92
92
91
91
91
91
91
91
91
91
91
91
91
91
91
91
91
91
91
91
91
91
90
90
90
90
90
90
90
90
90
90
90
90
90
90
90
90
90
90
90
89
89
89
89
89
89
89
89
89
89
89
89
89
89
89
89
89
89
89
89
89
89
89
89
89
89
89
89
88
88
88
88
88
88
88
88
88
88
88
88
88
88
88
88
88
87
87
87
87
87
87
87
87
87
87
87
87
87
87
87
87
87
87
87
87
87
87
87
87
87
87
86
86
86
86
86
86
86
86
86
86
86
86
86
86
86
86
86
86
86
86
86
86
86
86
86
85
85
85
85
85
85
85
85
85
85
85
85
85
85
85
85
85
85
85
85
85
85
85
85
85
84
84
84
84
84
84
84
84
84
84
84
84
84
84
84
84
84
84
84
84
83
83
83
83
83
83
83
83
83
83
83
83
83
83
83
83
83
82
82
82
82
82
82
82
82
82
82
82
82
82
82
82
82
82
82
82
81
81
81
81
81
81
81
81
81
81
81
81
81
81
81
81
81
80
80
80
80
80
80
80
80
80
80
80
80
80
80
80
80
80
80
80
80
80
80
79
79
79
79
79
79
79
79
79
79
79
79
79
79
79
79
79
78
78
78
78
78
78
78
78
78
78
78
78
78
78
78
78
78
78
78
78
78
78
78
77
77
77
77
77
77
77
77
77
77
77
77
77
77
77
77
77
77
77
77
77
77
77
77
77
76
76
76
76
76
76
76
76
76
76
76
76
76
76
76
75
75
75
75
75
75
75
75
75
75
75
75
75
75
75
75
75
75
74
74
74
74
74
74
74
74
74
74
74
74
74
73
73
73
73
73
73
73
73
73
73
73
73
73
73
73
73
73
73
73
73
72
72
72
72
72
72
72
72
72
72
72
72
72
72
72
72
72
71
71
71
71
71
71
71
71
71
71
71
71
71
71
71
71
70
70
70
70
70
70
70
70
70
70
70
70
70
70
70
70
70
70
70
70
70
70
70
70
69
69
69
69
69
69
69
69
69
69
69
69
69
69
69
69
69
69
69
69
69
69
69
68
68
68
68
68
68
68
68
68
68
68
68
68
68
68
68
68
67
67
67
67
67
67
67
67
67
67
67
67
66
66
66
66
66
66
66
66
66
66
66
66
66
66
66
66
66
66
66
66
66
66
66
66
66
66
66
66
66
66
66
65
65
65
65
65
65
65
65
65
65
65
65
65
65
65
65
65
64
64
64
64
64
64
64
64
64
64
64
64
64
64
64
64
63
63
63
63
63
63
63
63
63
63
63
63
63
63
63
63
63
63
63
63
63
63
62
62
62
62
62
62
62
62
62
62
62
62
62
62
62
62
62
61
61
61
61
61
61
61
61
61
61
61
61
61
61
61
61
61
61
61
61
61
61
61
61
61
61
61
60
60
60
60
60
60
60
60
60
60
60
60
60
60
59
59
59
59
59
59
59
59
59
59
59
59
59
59
59
59
59
59
59
59
59
59
59
59
59
58
58
58
58
58
58
58
58
58
58
58
58
58
58
58
58
58
58
58
58
58
58
58
58
57
57
57
57
57
57
57
57
57
57
57
57
57
57
57
57
57
57
57
57
57
57
57
56
56
56
56
56
56
56
56
56
56
56
56
56
56
56
55
55
55
55
55
55
55
55
55
55
55
55
55
55
55
55
55
55
55
55
55
54
54
54
54
54
54
54
54
54
54
54
54
54
54
54
54
54
54
54
54
54
54
54
54
54
54
53
53
53
53
53
53
53
53
53
53
53
53
53
53
52
52
52
52
52
52
52
52
52
52
52
52
52
52
52
51
51
51
51
51
51
51
51
51
51
51
51
51
51
51
51
51
51
51
51
51
51
51
51
51
51
51
51
51
51
51
51
50
50
50
50
50
50
50
50
50
50
50
50
50
50
50
50
50
50
50
50
50
50
50
50
50
50
50
50
50
49
49
49
49
49
49
49
49
49
49
49
49
49
49
49
49
48
48
48
48
48
48
48
48
48
48
48
48
47
47
47
47
47
47
47
47
47
47
47
47
47
47
47
47
47
47
46
46
46
46
46
46
46
46
46
46
46
46
46
46
46
46
46
45
45
45
45
45
45
45
45
45
45
45
45
45
45
45
45
45
45
44
44
44
44
44
44
44
44
44
44
44
44
44
44
44
44
44
44
44
44
44
43
43
43
43
43
43
43
43
43
43
43
43
43
43
43
43
43
43
43
43
43
43
43
42
42
42
42
42
42
42
42
42
42
42
42
42
42
42
41
41
41
41
41
41
41
41
41
41
41
41
41
41
41
41
41
41
41
41
41
41
40
40
40
40
40
40
40
40
40
40
40
40
40
40
39
39
39
39
39
39
39
39
39
39
39
39
39
39
39
39
39
39
39
39
38
38
38
38
38
38
38
38
38
38
38
38
38
38
38
38
38
38
38
38
38
38
38
38
37
37
37
37
37
37
37
37
37
37
37
37
37
37
37
37
37
36
36
36
36
36
36
36
36
36
36
36
36
36
36
36
36
36
36
36
36
36
36
36
35
35
35
35
35
35
35
35
35
35
35
35
35
35
35
35
35
35
35
35
34
34
34
34
34
34
34
34
34
34
34
34
34
34
34
34
34
34
34
34
34
34
34
34
33
33
33
33
33
33
33
33
33
33
33
33
33
33
33
33
33
33
33
33
33
33
33
33
32
32
32
32
32
32
32
32
32
32
32
32
32
32
32
32
32
32
32
31
31
31
31
31
31
31
31
31
31
31
30
30
30
30
30
30
30
30
30
30
30
30
30
30
30
30
29
29
29
29
29
29
29
29
29
29
29
28
28
28
28
28
28
28
28
28
28
28
28
28
28
28
28
28
28
28
28
28
28
28
28
28
28
28
27
27
27
27
27
27
27
27
27
27
27
27
27
27
27
27
27
27
27
27
27
27
27
27
26
26
26
26
26
26
26
26
26
26
26
26
26
26
26
26
26
26
26
26
25
25
25
25
25
25
25
25
25
25
25
25
25
25
25
25
25
25
25
25
25
25
24
24
24
24
24
24
24
24
24
24
24
24
24
24
24
24
24
24
24
24
23
23
23
23
23
23
23
23
23
23
23
23
23
23
23
23
23
23
23
23
23
23
23
23
22
22
22
22
22
22
22
22
22
22
22
22
22
22
22
22
22
22
22
22
22
22
22
21
21
21
21
21
21
21
21
21
21
21
21
21
21
21
21
21
20
20
20
20
20
20
20
20
20
20
20
20
20
20
20
20
19
19
19
19
19
19
19
19
19
19
19
19
19
19
19
19
19
19
19
18
18
18
18
18
18
18
18
18
18
18
18
18
18
17
17
17
17
17
17
17
17
17
17
17
17
17
17
17
17
17
17
17
17
17
17
17
17
17
17
16
16
16
16
16
16
16
16
16
16
16
16
16
16
16
16
16
16
16
16
16
16
16
16
16
16
16
16
16
16
16
15
15
15
15
15
15
15
15
15
15
15
15
15
15
15
15
15
15
14
14
14
14
14
14
14
14
14
14
14
14
14
14
14
14
14
13
13
13
13
13
13
13
13
13
13
13
13
13
13
12
12
12
12
12
12
12
12
12
12
12
11
11
11
11
11
11
11
11
11
11
11
11
11
11
11
11
11
11
11
11
11
11
11
10
10
10
10
10
10
10
10
10
10
10
10
10
10
10
10
10
10
9
9
9
9
9
9
9
9
9
9
9
9
9
9
9
9
9
9
9
9
9
9
9
9
9
9
9
9
9
9
9
9
9
9
8
8
8
8
8
8
8
8
8
8
8
8
8
8
8
8
8
8
8
8
8
8
8
8
7
7
7
7
7
7
7
7
7
7
7
7
7
7
7
7
6
6
6
6
6
6
6
6
6
6
6
6
6
6
6
6
6
5
5
5
5
5
5
5
5
5
5
5
5
5
5
5
5
5
5
5
5
5
5
4
4
4
4
4
4
4
4
4
4
4
4
4
4
4
4
4
4
4
4
4
4
4
4
4
4
3
3
3
3
3
3
3
3
3
3
3
3
3
3
3
2
2
2
2
2
2
2
2
2
2
2
2
2
2
2
2
2
2
2
2
1
1
1
1
1
1
1
1
1
1
1
1
1
1
1
1
1
1
