200
48
33
68
21
48
53
90
37
69
58
8
49
26
90
80
81
71
40
42
16
75
46
12
73
26
24
78
73
18
2
92
2
61
47
47
18
38
12
58
75
35
52
25
62
74
33
10
8
90
45
22
71
7
44
87
54
34
100
51
3
7
76
51
5
65
77
69
78
76
48
84
2
72
30
61
32
15
17
2
52
34
50
98
67
1
6
44
92
35
2
67
94
50
93
14
7
74
94
61
98
29
65
30
65
18
83
39
29
67
68
74
24
24
86
12
15
61
64
97
61
23
22
72
16
27
22
49
90
46
5
93
20
28
58
94
64
67
70
9
13
93
62
63
21
89
9
73
79
74
22
42
97
78
69
70
68
88
12
22
31
73
17
29
59
82
86
11
89
7
98
81
35
4
75
60
19
87
18
36
34
87
98
13
17
51
81
77
58
53
67
96
59
79
96
64
41
98
31
83
37
100
99
99
99
98
97
97
97
96
95
95
95
94
94
94
94
93
93
93
93
91
91
91
91
90
90
90
88
87
87
86
86
85
84
84
84
84
83
82
82
81
81
80
80
79
78
78
77
77
77
76
75
75
74
73
73
72
72
72
71
67
67
66
65
65
64
64
63
63
62
61
60
58
58
58
58
58
58
57
57
56
56
56
55
55
55
55
55
54
54
53
53
52
52
49
48
47
46
46
46
45
45
44
44
44
43
42
42
42
41
41
41
41
39
39
37
36
36
36
36
36
35
34
33
31
31
31
30
30
28
28
28
27
26
26
25
25
24
24
23
23
23
23
22
22
21
20
19
19
18
18
18
18
18
18
18
18
17
17
16
16
16
15
14
14
14
14
13
13
13
13
12
12
11
11
11
11
10
10
10
10
10
9
9
9
8
8
7
7
6
5
4
4
4
4
3
3
2
1
1
