2100
9
18
89
42
47
15
16
79
50
31
35
19
83
78
51
25
25
6
91
8
46
14
24
90
5
37
66
22
3
46
76
49
28
2
39
20
20
15
15
42
14
52
93
16
66
85
60
55
80
65
78
25
48
92
84
54
49
58
55
55
87
90
55
80
70
25
45
6
32
72
20
71
68
3
61
32
28
99
21
12
53
56
92
74
17
32
41
85
16
17
52
10
53
58
31
42
21
16
64
71
22
76
16
20
19
72
26
19
58
78
13
37
35
92
43
42
91
4
44
43
72
8
44
40
17
62
29
64
85
68
56
77
75
47
65
50
8
36
98
21
2
94
47
11
8
23
2
1
4
32
65
69
2
29
18
39
74
100
41
18
85
78
11
42
92
55
15
1
21
33
64
73
40
18
53
30
58
24
78
58
15
89
74
65
50
87
71
48
78
19
71
41
18
61
8
66
83
91
96
42
74
36
5
47
50
21
15
43
53
77
51
76
60
22
95
68
10
49
80
65
73
36
43
70
62
99
83
75
62
32
47
44
4
83
39
98
22
73
90
31
10
88
79
90
30
35
75
82
32
97
72
89
76
95
19
72
11
55
8
8
58
86
96
12
14
66
63
29
29
86
38
9
25
79
72
41
42
22
71
11
70
16
45
39
81
7
76
80
18
97
44
8
36
57
6
22
23
100
18
97
47
45
36
83
25
50
38
28
34
49
53
13
47
2
3
74
58
23
57
70
55
13
4
93
97
3
53
69
92
56
51
93
58
82
96
75
7
77
46
11
67
11
58
32
19
46
7
64
60
17
14
64
75
14
59
69
99
27
16
54
18
60
90
37
81
32
100
90
95
51
1
98
68
4
73
13
62
49
78
59
21
4
58
85
19
32
33
91
31
56
23
86
83
34
48
48
34
25
29
80
75
64
20
62
38
46
59
64
82
11
75
32
68
47
69
30
46
84
40
72
73
67
29
71
5
20
54
95
6
32
52
58
52
28
100
42
87
85
56
28
35
87
82
82
5
74
41
79
68
78
65
58
21
30
27
39
22
39
5
25
4
1
33
94
67
33
82
2
99
79
59
63
93
97
92
23
65
17
21
41
30
63
79
90
35
64
74
3
4
56
55
2
1
62
44
13
51
82
44
51
18
71
9
70
58
20
3
16
77
76
29
35
61
75
24
23
24
14
88
65
33
43
27
36
29
40
30
38
40
24
85
46
16
53
88
85
95
11
16
77
17
50
68
13
71
88
55
87
100
52
87
49
13
28
55
40
2
64
14
69
91
41
52
61
58
86
47
93
50
34
68
85
58
5
84
8
53
39
54
28
69
35
41
3
84
83
56
30
96
81
35
28
7
34
18
11
90
42
41
68
18
58
29
43
69
86
89
25
40
80
51
59
82
11
57
79
25
87
87
62
79
80
31
4
93
40
81
71
4
46
88
7
99
14
61
73
66
23
7
65
80
35
93
96
2
46
13
86
67
80
4
9
1
6
60
3
78
22
66
4
49
50
99
33
46
86
93
11
63
58
17
54
48
69
10
30
86
16
4
47
34
4
15
64
3
53
98
89
45
86
42
90
84
91
55
87
34
23
83
35
10
19
47
100
64
75
71
85
87
26
16
9
94
83
45
71
63
10
89
16
59
93
92
71
20
6
91
88
61
35
20
35
92
78
14
29
92
52
12
91
52
16
22
73
4
94
54
100
80
99
5
73
21
64
87
30
28
92
20
64
19
22
59
5
38
54
60
79
46
58
36
84
54
88
28
46
60
25
53
28
12
1
92
32
66
90
21
25
90
49
88
99
68
94
3
51
32
4
62
58
12
36
34
51
85
4
56
21
97
14
89
30
1
20
33
9
78
26
31
64
78
79
12
25
62
34
15
12
29
38
100
18
23
86
29
79
43
67
88
60
27
34
18
80
75
84
69
66
3
74
64
56
29
61
13
29
28
58
43
84
67
83
94
36
5
38
12
31
9
39
15
57
5
65
43
20
46
88
59
46
32
58
8
99
83
9
53
71
100
8
58
19
84
34
54
55
86
75
34
9
72
66
18
28
45
70
44
3
91
79
58
76
52
50
75
87
2
38
29
83
48
3
9
71
95
79
58
96
34
55
94
30
29
7
89
23
35
97
23
29
21
31
33
84
62
10
20
92
70
61
44
58
42
4
77
39
63
21
43
76
98
7
40
38
71
46
87
99
92
95
69
26
33
81
40
47
95
21
23
56
25
5
16
44
76
33
66
7
90
36
69
21
84
19
94
86
33
74
20
6
73
63
64
85
1
92
58
25
6
76
1
42
39
88
13
26
6
3
64
87
20
55
85
63
16
50
92
86
53
28
99
95
23
98
15
37
18
33
70
60
67
8
36
19
93
35
1
83
60
42
53
40
81
78
44
61
80
77
77
65
48
66
64
74
65
94
19
27
92
98
10
76
76
27
24
52
50
3
18
36
81
70
19
33
20
70
9
6
6
8
82
48
8
41
88
69
62
33
48
50
25
42
36
39
89
20
18
57
51
9
7
71
94
62
90
78
22
61
41
8
100
36
44
95
91
85
13
28
66
37
19
24
74
49
37
52
5
28
63
53
48
49
30
11
43
99
35
81
42
4
6
93
82
18
89
14
71
27
3
17
10
84
60
25
33
47
5
33
85
77
42
21
78
60
96
76
11
100
78
49
40
87
84
7
73
17
16
31
37
36
64
50
20
31
41
23
64
61
79
47
12
98
70
26
52
60
9
48
6
55
97
70
44
13
40
71
39
67
52
31
58
10
87
46
76
56
3
40
4
17
71
21
56
56
67
55
51
70
83
92
26
76
55
37
78
95
84
33
25
2
9
58
55
90
30
48
73
41
40
25
84
76
71
33
70
32
9
2
36
85
96
11
82
61
32
76
71
4
40
34
26
76
40
9
56
64
56
48
75
25
6
87
83
16
62
66
55
97
97
81
64
86
69
70
29
20
62
94
9
42
23
72
13
88
24
48
35
65
89
87
13
92
56
55
11
43
77
75
18
89
34
99
53
8
4
48
34
100
99
97
10
69
42
46
50
83
55
81
29
72
6
47
73
90
26
93
69
21
77
48
30
8
45
22
76
84
29
31
90
7
61
38
72
97
56
74
59
73
89
53
26
77
49
85
87
25
13
67
52
42
8
40
22
64
58
39
45
46
14
24
8
100
17
34
95
85
96
50
19
96
36
83
12
52
25
65
25
85
81
71
74
46
19
41
90
3
32
36
50
11
56
44
3
99
33
66
49
49
33
100
58
80
99
19
94
84
8
40
87
7
63
14
28
27
24
83
56
3
90
9
82
63
51
24
63
27
92
74
50
10
74
99
52
63
5
73
94
55
11
17
76
16
94
50
51
35
14
25
98
79
45
4
7
59
31
57
95
27
51
75
35
3
8
84
94
42
37
29
46
51
4
42
38
85
59
40
12
7
37
100
56
56
31
78
99
39
40
14
84
47
19
65
10
84
63
17
71
61
56
50
32
96
4
39
26
62
27
88
49
73
91
19
15
33
61
37
8
59
93
84
79
82
6
78
4
88
51
81
90
29
81
83
90
63
40
31
5
40
38
43
16
52
22
79
22
32
83
63
81
40
10
13
85
84
36
75
69
30
23
90
12
99
83
1
66
31
41
64
78
13
45
62
98
5
89
91
75
23
56
55
87
9
41
78
2
8
41
98
47
4
19
69
5
2
78
82
35
75
71
91
49
11
12
29
26
74
37
42
33
19
56
1
85
55
14
80
91
36
16
7
42
6
34
20
10
39
38
1
53
16
29
34
53
76
4
5
5
56
81
41
66
69
74
16
41
47
36
50
59
23
84
45
6
75
73
19
90
54
53
96
85
8
93
69
29
80
36
80
34
49
52
14
85
76
21
69
79
56
95
80
40
36
40
49
6
31
93
9
1
63
63
12
56
22
8
21
75
27
71
86
24
35
32
1
22
23
26
28
64
65
96
31
81
86
15
43
7
32
81
71
67
76
41
6
99
42
27
45
84
68
67
83
84
81
31
94
24
98
15
52
77
64
61
74
14
65
49
40
29
80
22
90
2
70
65
10
13
87
81
74
98
54
29
10
14
78
73
93
99
40
3
42
54
40
80
5
23
18
99
2
72
19
49
50
73
54
88
31
4
78
74
43
56
60
59
39
96
67
60
55
99
35
47
42
38
16
23
6
63
100
14
95
90
10
32
28
87
46
6
29
29
50
98
65
23
9
71
50
71
90
87
76
48
47
87
67
80
23
37
25
74
28
84
72
16
64
95
74
36
99
29
21
75
10
61
11
30
33
30
33
54
63
88
50
63
54
41
94
55
98
6
20
74
63
8
86
37
41
60
44
76
48
64
21
15
16
8
67
40
92
61
79
68
3
13
66
3
26
19
16
49
85
38
79
58
28
39
11
21
5
11
7
43
53
58
39
27
83
42
73
78
33
40
34
21
16
34
100
95
98
100
79
26
33
70
78
9
11
29
82
96
16
81
5
87
19
41
62
34
16
39
33
72
29
51
12
87
84
21
82
51
51
56
99
60
99
71
71
7
6
89
75
82
13
74
47
31
9
1
37
97
2
10
82
28
88
78
46
59
83
76
20
72
56
81
6
48
86
41
39
18
16
50
13
24
26
26
75
54
87
63
78
53
99
4
27
70
90
87
4
56
37
38
9
71
69
89
66
64
61
13
92
100
37
60
71
73
20
88
41
28
32
93
10
72
10
17
88
80
83
7
40
13
71
70
82
59
41
10
4
100
100
100
100
100
100
100
100
100
100
100
100
100
100
100
100
100
100
100
99
99
99
99
99
99
99
99
99
99
99
99
99
99
99
99
99
99
99
99
99
99
99
99
99
99
99
98
98
98
98
98
98
98
98
98
98
98
98
97
97
97
97
97
97
97
97
97
97
97
97
97
97
97
97
97
97
97
97
97
97
97
96
96
96
96
96
96
96
96
96
96
96
96
96
96
96
96
96
96
96
96
96
96
96
96
96
96
96
96
96
95
95
95
95
95
95
95
95
95
95
95
95
95
95
95
95
95
95
95
95
95
95
95
95
95
94
94
94
94
94
94
94
94
94
94
94
94
94
94
94
94
94
94
94
94
94
94
93
93
93
93
93
93
93
93
93
93
93
93
93
93
93
93
93
93
93
93
93
92
92
92
92
92
92
92
92
92
92
92
92
92
92
92
92
92
92
92
92
92
91
91
91
91
91
91
91
91
91
91
91
91
91
91
91
91
90
90
90
90
90
90
90
90
90
90
90
90
90
90
90
90
90
90
90
90
89
89
89
89
89
89
89
89
89
89
89
89
89
89
89
89
88
88
88
88
88
88
88
88
88
88
88
88
88
88
88
88
88
88
88
88
88
88
88
88
88
88
87
87
87
87
87
87
87
87
87
87
87
87
87
87
87
87
87
87
87
87
87
87
87
87
86
86
86
86
86
86
86
86
86
86
86
86
86
86
86
86
86
86
86
86
86
86
86
85
85
85
85
85
85
85
85
85
85
85
85
85
85
85
85
85
84
84
84
84
84
84
84
84
84
84
84
84
84
84
83
83
83
83
83
83
83
83
83
83
83
83
83
83
83
83
83
83
83
83
83
83
83
83
83
82
82
82
82
82
82
82
82
82
82
82
82
82
82
82
81
81
81
81
81
81
81
81
81
81
81
81
81
81
81
81
81
81
81
81
80
80
80
80
80
80
80
80
80
80
80
80
80
80
80
80
80
80
79
79
79
79
79
79
79
79
79
79
79
79
79
79
79
79
79
79
79
79
79
79
78
78
78
78
78
78
78
78
78
78
78
78
78
78
78
78
77
77
77
77
77
77
77
77
77
77
77
77
77
77
77
77
77
77
77
77
76
76
76
76
76
76
76
76
76
76
76
76
76
76
76
76
76
76
76
76
76
76
76
76
75
75
75
75
75
75
75
75
75
75
75
75
75
75
75
75
75
75
75
75
75
75
75
74
74
74
74
74
74
74
74
74
74
74
74
74
74
74
74
74
74
74
74
74
74
74
74
74
74
73
73
73
73
73
73
73
73
73
73
73
73
73
73
73
73
73
73
73
73
73
72
72
72
72
72
72
72
72
72
72
72
71
71
71
71
71
71
71
71
71
71
71
71
71
71
71
71
71
71
71
71
71
71
71
71
71
71
71
71
71
71
71
70
70
70
70
70
70
70
70
70
70
70
70
70
70
69
69
69
69
69
69
69
69
69
69
69
69
69
69
69
69
69
69
69
69
69
69
68
68
68
68
68
68
68
68
68
68
68
68
68
68
68
68
68
68
68
67
67
67
67
67
67
67
67
67
67
67
67
67
67
67
67
67
67
67
67
67
67
67
67
67
67
67
67
66
66
66
66
66
66
66
66
66
66
66
66
66
66
66
65
65
65
65
65
65
65
65
65
65
65
65
65
65
65
65
65
65
65
64
64
64
64
64
64
64
64
64
64
64
64
64
64
64
64
64
64
64
64
64
63
63
63
63
63
63
63
63
63
63
63
63
63
63
63
63
63
63
63
63
63
63
63
63
62
62
62
62
62
62
62
62
62
62
62
62
62
62
62
62
62
62
62
62
61
61
61
61
61
61
61
61
61
61
61
61
61
61
61
61
61
61
61
61
61
60
60
60
60
60
60
60
60
60
60
60
60
59
59
59
59
59
59
59
59
59
59
59
59
59
59
59
59
59
58
58
58
58
58
58
58
58
58
58
58
58
58
58
58
58
58
58
58
58
57
57
57
57
57
57
57
57
57
57
57
57
57
57
57
57
57
57
57
57
57
57
57
57
57
56
56
56
56
56
56
56
56
56
56
56
56
56
56
55
55
55
55
55
55
55
55
55
55
55
55
55
55
55
54
54
54
54
54
54
54
54
54
54
54
54
54
54
54
54
54
54
54
54
53
53
53
53
53
53
53
53
53
53
53
53
53
53
53
53
53
53
53
52
52
52
52
52
52
52
52
52
52
52
52
52
52
52
52
52
52
52
52
52
51
51
51
51
51
51
51
51
51
51
51
51
51
51
51
51
51
51
51
50
50
50
50
50
50
50
50
50
50
50
50
50
50
50
50
50
50
50
50
50
50
50
49
49
49
49
49
49
49
49
49
49
49
49
49
49
49
49
48
48
48
48
48
48
48
48
48
48
48
48
48
48
48
48
48
48
48
48
48
48
48
47
47
47
47
47
47
47
47
47
47
47
47
47
47
47
47
47
47
47
47
46
46
46
46
46
46
46
46
46
46
46
46
46
46
46
46
46
46
46
46
46
46
46
46
46
45
45
45
45
45
45
45
45
45
45
45
45
45
45
45
45
45
45
45
45
44
44
44
44
44
44
44
44
44
44
44
44
44
44
44
44
44
43
43
43
43
43
43
43
43
43
43
43
43
43
43
43
43
43
43
43
43
43
43
43
43
43
42
42
42
42
42
42
42
42
42
42
42
42
42
42
42
42
42
42
42
42
42
42
41
41
41
41
41
41
41
41
41
41
41
41
41
41
41
41
41
41
41
41
41
41
41
41
41
41
40
40
40
40
40
40
40
40
40
40
40
40
40
40
40
40
40
39
39
39
39
39
39
39
39
39
39
39
39
39
39
39
39
39
39
39
38
38
38
38
38
38
38
38
38
38
38
38
38
38
38
38
38
38
38
38
37
37
37
37
37
37
37
37
37
37
37
37
37
37
37
37
37
37
37
37
37
37
37
37
37
37
36
36
36
36
36
36
36
36
36
36
36
36
36
36
36
36
35
35
35
35
35
35
35
35
35
35
35
35
35
35
35
35
35
35
35
35
35
34
34
34
34
34
34
34
34
34
34
34
34
34
34
34
34
34
34
34
34
34
34
34
34
33
33
33
33
33
33
33
33
33
33
33
33
33
33
33
33
33
33
33
33
33
33
32
32
32
32
32
32
32
32
32
32
31
31
31
31
31
31
31
31
31
31
31
31
31
31
31
31
31
31
31
31
30
30
30
30
30
30
30
30
30
30
30
30
30
30
30
30
30
30
30
30
30
30
30
30
29
29
29
29
29
29
29
29
29
29
29
29
29
29
29
29
29
29
29
29
29
29
28
28
28
28
28
28
28
28
28
28
28
28
28
28
28
28
28
28
28
27
27
27
27
27
27
27
27
27
27
27
27
27
27
27
27
27
27
27
27
27
27
27
27
27
26
26
26
26
26
26
26
26
26
26
26
26
26
26
26
26
26
26
26
26
26
26
25
25
25
25
25
25
25
25
25
25
25
25
25
25
25
25
25
25
24
24
24
24
24
24
24
24
24
24
24
24
24
24
24
24
24
24
23
23
23
23
23
23
23
23
23
23
23
23
23
23
23
23
23
23
23
23
23
23
23
23
23
23
23
22
22
22
22
22
22
22
22
22
22
22
22
22
22
22
22
22
22
22
22
22
22
22
22
22
22
22
21
21
21
21
21
21
21
21
21
21
21
21
21
21
21
21
21
21
20
20
20
20
20
20
20
20
20
20
20
20
20
20
20
20
20
20
20
20
20
20
20
20
20
20
19
19
19
19
19
19
19
19
19
19
19
19
19
19
19
19
19
19
19
19
19
19
19
19
19
18
18
18
18
18
18
18
18
18
18
18
18
18
18
18
18
18
18
18
18
18
18
18
18
18
18
18
18
18
18
18
17
17
17
17
17
17
17
17
17
17
17
17
17
17
17
17
17
17
17
17
17
17
16
16
16
16
16
16
16
16
16
16
16
16
16
16
16
16
16
16
16
16
16
16
16
16
16
15
15
15
15
15
15
15
15
15
15
15
15
15
15
15
15
15
15
15
15
14
14
14
14
14
14
14
14
14
14
14
14
14
14
14
13
13
13
13
13
13
13
13
13
13
13
13
13
13
13
13
13
13
13
13
13
13
13
13
13
13
13
13
13
13
12
12
12
12
12
12
12
12
12
12
12
12
12
12
12
12
12
12
12
12
12
12
12
12
11
11
11
11
11
11
11
11
11
11
11
11
11
11
11
11
11
10
10
10
10
10
10
10
10
10
10
10
10
10
10
10
10
10
10
10
10
10
10
10
10
10
10
10
9
9
9
9
9
9
9
9
9
9
9
9
9
9
9
9
9
9
9
9
9
9
9
8
8
8
8
8
8
8
8
8
8
8
8
8
8
8
8
8
7
7
7
7
7
7
7
7
7
7
7
7
7
7
7
7
7
7
7
6
6
6
6
6
6
6
6
6
6
6
6
6
6
6
6
6
6
6
6
6
5
5
5
5
5
5
5
5
5
5
5
5
5
5
5
5
5
5
5
4
4
4
4
4
4
4
4
4
4
4
4
4
4
4
3
3
3
3
3
3
3
3
3
3
3
3
3
3
3
3
3
3
3
3
3
3
3
3
3
3
2
2
2
2
2
2
2
2
2
2
2
2
2
2
2
2
2
2
2
2
2
2
1
1
1
1
1
1
1
1
1
1
1
1
1
1
1
1
1
1
1
1
1
1
1
1
1
1
1
1
1
1
1
1
