2200
52
48
41
8
36
99
49
99
64
83
10
46
79
18
70
33
41
63
31
27
99
84
44
55
100
78
41
58
29
67
59
43
78
88
74
18
37
72
80
41
4
24
24
81
78
39
48
87
81
72
43
78
63
2
74
29
66
67
24
97
36
17
32
83
25
60
35
69
57
26
22
85
21
100
72
45
59
7
40
49
83
49
76
83
8
51
97
5
81
73
89
27
46
80
5
39
56
60
37
77
61
71
46
55
47
75
64
35
2
98
2
50
81
90
43
40
28
87
72
68
82
37
60
30
99
25
86
68
43
48
20
85
15
88
13
1
41
18
97
63
57
85
65
49
47
22
98
82
81
40
44
54
56
47
50
84
66
51
100
95
11
31
61
10
41
53
83
76
27
52
26
10
80
89
9
43
16
19
64
34
84
58
78
84
29
4
13
11
17
63
7
2
19
77
67
32
63
62
93
70
16
5
68
52
64
90
14
89
1
32
95
57
50
6
80
6
33
100
41
11
60
7
82
27
27
13
94
80
9
72
40
2
94
54
27
42
25
22
41
96
85
5
23
94
82
44
2
41
64
71
1
53
51
68
71
55
19
38
83
35
64
71
48
95
66
60
12
7
4
95
39
21
63
23
26
54
83
87
29
17
66
1
52
13
73
4
70
6
77
10
7
51
48
36
27
98
74
21
83
56
80
85
90
15
36
1
80
8
1
89
80
12
22
64
76
2
13
23
37
68
7
57
3
12
65
4
37
54
65
1
42
73
34
27
13
1
26
63
30
84
28
17
71
75
95
34
69
13
93
75
57
40
86
41
6
66
62
85
29
86
80
56
100
42
71
16
54
63
55
87
40
29
74
37
76
19
15
56
76
97
19
27
80
97
11
80
95
36
80
29
51
55
67
30
86
71
45
96
46
54
42
42
65
33
16
69
7
69
87
73
35
87
30
70
78
96
86
32
43
73
87
39
5
33
10
40
19
2
85
48
55
28
62
26
90
29
22
96
16
75
75
38
79
51
86
90
28
87
13
5
95
87
63
11
29
5
59
40
43
20
89
44
89
77
100
76
28
62
3
1
2
49
92
60
81
7
16
3
63
23
17
78
66
18
19
51
19
36
63
92
29
52
15
20
69
32
23
12
79
46
59
14
60
3
32
29
12
39
27
9
57
88
90
1
31
20
27
53
84
67
18
10
92
22
58
69
87
58
14
44
76
58
25
82
26
20
98
15
74
75
2
46
20
82
37
60
94
61
93
95
35
84
34
43
60
93
100
41
44
90
72
7
19
8
66
53
38
21
68
83
81
5
22
7
52
47
86
75
92
16
91
35
61
78
78
6
57
53
87
31
68
24
76
98
7
37
27
39
94
46
81
20
65
94
69
1
26
41
67
38
72
66
11
92
76
59
5
59
41
81
79
67
14
51
77
10
88
71
55
35
47
60
30
56
42
79
43
41
31
95
73
42
13
70
93
77
26
73
51
24
76
12
96
8
50
67
85
57
32
48
35
38
99
60
58
82
38
49
21
23
93
4
65
10
12
67
94
8
20
46
71
53
76
81
1
5
49
87
27
33
48
49
26
34
56
38
15
32
47
57
39
92
15
52
84
56
93
19
6
62
43
30
86
12
68
14
58
20
54
24
28
59
72
23
1
21
61
13
89
48
87
61
59
46
69
98
78
39
76
42
28
77
49
86
78
73
75
46
53
78
71
48
72
25
87
48
19
38
48
60
37
3
31
25
34
13
96
23
93
93
17
22
34
15
64
85
25
67
81
57
12
25
94
71
22
61
64
87
12
86
70
32
33
91
45
47
84
91
37
70
4
63
8
7
70
43
7
94
42
77
58
37
29
6
65
3
98
59
68
73
92
60
87
55
88
87
64
56
17
29
83
7
75
24
38
97
5
40
56
46
10
38
25
45
12
93
67
76
55
69
60
84
81
72
57
27
13
38
38
40
25
18
79
77
24
38
59
95
57
57
23
7
32
4
14
52
73
97
75
92
30
5
95
56
27
48
13
15
18
11
61
81
88
1
12
22
4
72
69
98
54
46
92
63
15
79
70
53
8
92
48
58
26
64
73
37
90
3
75
71
23
18
25
6
81
57
87
5
22
69
98
83
26
27
16
80
51
93
14
73
52
59
69
97
89
75
50
79
78
83
51
93
5
73
43
40
59
23
73
95
58
25
89
34
58
30
76
69
40
17
66
36
43
50
11
71
94
98
5
39
66
36
11
17
8
13
92
81
58
27
85
12
23
27
14
84
30
94
59
10
75
22
52
92
50
52
75
62
74
61
62
69
19
52
49
21
71
64
17
26
74
37
90
60
59
74
46
44
50
3
12
86
83
59
42
18
76
62
14
22
72
18
59
63
3
65
5
48
75
31
81
89
100
59
94
24
49
72
21
98
56
49
8
88
95
17
87
20
27
5
1
95
21
44
49
78
96
42
48
33
90
17
57
58
60
75
15
56
47
45
60
93
71
98
45
41
55
76
93
50
17
80
34
67
30
55
92
100
30
2
41
68
82
5
29
37
36
89
35
3
39
88
82
2
54
25
24
13
10
89
70
71
94
22
48
54
66
67
80
33
52
18
8
84
56
9
43
78
48
54
77
77
97
96
82
80
89
40
100
75
86
82
9
12
100
53
26
41
32
3
12
46
56
76
6
13
77
48
63
10
100
30
21
73
17
6
96
15
15
41
18
10
17
7
73
95
18
52
7
29
79
55
26
92
20
74
9
3
58
29
54
91
32
26
35
93
60
40
26
86
59
85
23
30
32
3
91
13
18
97
18
28
49
62
44
99
11
30
5
82
34
68
11
18
84
26
67
63
47
35
67
23
75
76
42
77
23
3
39
11
83
77
10
72
74
62
48
26
79
17
83
7
42
49
55
88
50
66
55
3
66
13
77
74
90
89
17
66
3
59
48
69
27
65
68
84
39
16
98
86
83
54
40
31
41
4
86
41
2
24
63
93
52
22
39
57
87
72
11
1
84
56
57
56
65
68
83
80
6
78
39
15
30
98
7
40
77
30
20
49
68
71
17
59
12
18
22
63
44
40
72
54
79
25
75
97
91
3
6
37
7
85
14
83
99
88
47
38
87
18
30
14
35
6
35
13
45
88
91
29
7
25
36
52
39
89
18
61
6
78
17
69
73
98
5
80
53
7
52
22
20
95
56
31
67
80
75
86
20
34
35
43
42
80
9
97
3
1
81
65
62
6
88
29
4
41
77
88
20
45
21
91
10
6
8
58
91
45
56
94
74
12
13
60
74
61
88
3
57
73
24
64
15
94
81
31
88
21
59
65
54
59
82
63
11
22
42
100
57
64
34
5
74
69
6
100
32
72
58
44
14
39
66
1
62
21
13
45
74
73
54
74
40
68
11
24
92
98
87
53
9
68
55
85
56
84
17
93
64
57
90
86
45
88
3
47
6
24
20
35
16
15
45
88
99
21
37
24
41
100
87
76
23
10
72
10
19
33
1
79
89
5
53
8
91
43
26
51
36
10
88
46
37
26
9
93
44
77
50
100
15
63
48
31
23
11
94
69
98
92
80
61
48
46
10
84
61
64
74
4
66
33
27
56
91
62
88
76
17
26
59
66
54
54
1
86
93
41
56
30
61
29
23
72
87
57
69
92
47
54
100
42
40
32
22
73
94
26
99
99
24
5
34
80
51
40
43
83
74
21
78
96
45
28
99
52
43
31
30
15
19
81
37
62
85
35
22
59
26
58
99
13
7
38
98
10
56
45
76
66
69
82
48
60
49
18
63
70
43
84
21
23
3
30
62
6
99
8
10
20
48
94
25
2
91
79
7
87
44
79
23
77
6
8
39
7
5
68
60
18
11
74
95
56
14
84
91
43
10
48
1
15
100
54
6
4
95
81
90
59
13
49
51
35
53
75
8
56
15
89
7
48
59
68
32
27
45
17
57
100
98
57
95
15
20
82
95
53
24
88
34
60
6
2
35
39
17
1
73
25
70
73
96
78
74
35
75
34
12
26
86
63
69
49
24
35
75
88
44
9
90
86
2
51
18
75
95
3
4
81
18
68
30
36
32
35
85
64
7
64
12
49
84
21
23
61
100
52
60
66
73
22
29
65
95
41
11
12
80
49
13
22
20
20
62
10
84
13
29
100
81
36
50
67
12
11
33
60
59
28
28
36
26
24
21
30
18
12
95
98
20
60
1
49
1
49
89
8
15
71
38
11
3
15
58
12
11
9
10
27
51
61
82
67
87
86
83
67
59
43
93
34
55
38
40
22
35
49
48
84
71
40
20
51
26
39
32
89
23
87
91
20
64
15
51
74
59
73
29
81
38
71
27
23
16
15
10
75
98
84
23
33
72
78
9
26
31
68
92
47
12
86
81
56
12
94
97
88
80
58
51
73
14
74
7
61
61
23
45
45
10
17
95
32
16
3
30
100
22
57
25
73
35
61
39
78
80
89
76
14
48
100
50
9
10
87
27
85
54
15
78
74
44
56
54
86
71
88
66
82
54
56
11
65
41
2
41
64
65
72
65
84
79
57
91
35
95
47
36
5
45
26
31
85
48
99
76
95
22
5
58
14
41
94
94
35
10
31
78
63
57
53
18
91
51
99
92
69
31
15
99
78
23
29
58
75
96
23
15
23
34
94
20
1
7
8
46
17
77
61
77
45
91
6
52
24
97
55
99
42
77
71
77
70
41
67
45
4
31
55
6
87
45
24
61
74
26
61
17
95
86
90
97
4
62
42
29
11
2
79
64
80
50
30
49
14
45
86
37
92
49
20
10
3
55
88
36
64
28
31
3
3
72
69
7
69
59
79
5
88
65
33
57
68
58
7
72
98
95
16
31
56
44
47
12
32
91
93
16
32
17
27
53
50
20
46
30
82
39
30
34
65
93
68
60
2
94
2
59
35
84
39
19
44
61
20
20
46
28
95
32
7
3
74
70
38
70
24
54
48
50
37
91
84
51
45
51
18
48
81
100
100
100
100
100
100
100
100
100
100
100
100
100
100
100
100
100
100
100
100
100
100
100
100
100
100
100
100
99
99
99
99
99
99
99
99
99
99
99
99
99
99
99
99
99
99
99
99
99
98
98
98
98
98
98
98
98
98
98
98
98
98
98
98
98
98
98
98
98
98
97
97
97
97
97
97
97
97
97
97
97
97
97
97
97
97
97
97
96
96
96
96
96
96
96
96
96
96
96
96
96
96
96
96
96
96
96
96
96
96
96
96
96
96
95
95
95
95
95
95
95
95
95
95
95
95
95
95
95
95
95
95
95
95
95
95
95
95
95
95
94
94
94
94
94
94
94
94
94
94
94
94
94
94
94
94
94
94
94
94
94
93
93
93
93
93
93
93
93
93
93
93
93
93
93
93
93
93
93
93
93
93
93
93
93
93
93
93
93
93
92
92
92
92
92
92
92
92
92
92
92
92
92
92
92
92
92
92
92
92
92
92
92
92
92
91
91
91
91
91
91
91
91
91
91
91
91
91
91
91
91
91
91
91
91
91
91
91
91
91
91
91
91
91
91
90
90
90
90
90
90
90
90
90
90
90
90
90
90
90
90
90
90
90
90
90
90
89
89
89
89
89
89
89
89
89
89
89
89
89
89
89
89
89
89
89
89
89
89
89
89
88
88
88
88
88
88
88
88
88
88
88
88
88
88
88
88
88
88
87
87
87
87
87
87
87
87
87
87
87
87
87
87
87
87
87
86
86
86
86
86
86
86
86
86
86
86
86
86
86
86
86
86
86
86
86
86
86
86
86
85
85
85
85
85
85
85
85
85
85
85
85
85
85
85
85
85
85
85
85
85
84
84
84
84
84
84
84
84
84
84
84
84
84
84
84
84
84
84
84
84
83
83
83
83
83
83
83
83
83
83
83
83
83
83
83
83
83
83
83
83
83
82
82
82
82
82
82
82
82
82
82
82
82
82
82
82
82
82
81
81
81
81
81
81
81
81
81
81
81
81
81
81
81
81
81
81
81
81
81
81
81
81
81
81
81
80
80
80
80
80
80
80
80
80
80
80
80
80
80
80
80
80
80
80
80
80
79
79
79
79
79
79
79
79
79
79
79
79
79
79
79
79
79
79
78
78
78
78
78
78
78
78
78
78
78
78
78
78
78
78
78
78
78
78
78
78
78
78
78
77
77
77
77
77
77
77
77
77
77
77
77
77
77
77
77
77
77
77
77
77
77
77
77
77
77
76
76
76
76
76
76
76
76
76
76
76
76
76
76
76
76
76
76
76
76
75
75
75
75
75
75
75
75
75
75
75
75
75
75
75
75
74
74
74
74
74
74
74
74
74
74
74
74
74
74
74
74
74
74
74
74
73
73
73
73
73
73
73
73
73
73
73
73
73
73
73
73
73
73
73
72
72
72
72
72
72
72
72
72
72
72
72
72
71
71
71
71
71
71
71
71
71
71
71
71
71
71
71
71
71
71
70
70
70
70
70
70
70
70
70
70
70
70
70
70
70
70
70
70
70
70
70
70
70
70
70
70
69
69
69
69
69
69
69
69
69
69
69
69
69
69
69
69
69
69
69
69
69
69
69
69
69
69
68
68
68
68
68
68
68
68
68
68
68
68
68
68
68
68
68
68
68
68
68
67
67
67
67
67
67
67
67
67
67
67
67
67
67
67
67
67
67
67
67
67
67
67
67
67
67
67
67
67
67
67
66
66
66
66
66
66
66
66
66
66
66
66
66
66
66
66
66
66
66
66
66
66
65
65
65
65
65
65
65
65
65
65
65
65
65
65
65
65
65
65
64
64
64
64
64
64
64
64
64
64
64
64
64
64
64
64
64
64
64
64
64
64
64
64
64
64
63
63
63
63
63
63
63
63
63
63
63
63
63
63
63
63
63
63
63
63
63
63
62
62
62
62
62
62
62
62
62
62
62
62
62
62
62
62
62
61
61
61
61
61
61
61
61
61
61
61
61
61
61
61
61
61
61
61
61
60
60
60
60
60
60
60
60
60
60
60
60
60
60
60
60
60
60
60
60
60
60
60
59
59
59
59
59
59
59
59
59
59
59
59
59
59
59
59
59
59
59
59
58
58
58
58
58
58
58
58
58
58
58
58
58
58
58
58
58
58
57
57
57
57
57
57
57
57
57
57
57
57
57
57
57
57
57
57
57
57
57
56
56
56
56
56
56
56
56
56
56
56
56
56
56
56
56
56
56
56
56
56
56
56
55
55
55
55
55
55
55
55
55
55
55
55
55
55
55
55
55
55
55
55
54
54
54
54
54
54
54
54
54
54
54
54
54
54
54
54
54
54
54
54
54
54
53
53
53
53
53
53
53
53
53
53
53
53
53
53
53
53
53
53
53
53
53
53
53
53
52
52
52
52
52
52
52
52
52
52
52
52
52
52
51
51
51
51
51
51
51
51
51
51
51
51
51
51
51
51
51
51
51
51
51
51
51
50
50
50
50
50
50
50
50
50
50
50
50
50
50
50
50
50
50
50
50
50
49
49
49
49
49
49
49
49
49
49
49
49
49
49
49
49
49
49
48
48
48
48
48
48
48
48
48
48
48
48
48
48
48
48
48
48
48
48
48
48
48
48
48
48
48
48
48
48
47
47
47
47
47
47
47
47
47
47
47
47
47
47
47
47
47
47
47
47
47
47
47
46
46
46
46
46
46
46
46
46
46
46
46
45
45
45
45
45
45
45
45
45
45
45
45
45
45
45
45
45
45
45
45
45
45
45
45
44
44
44
44
44
44
44
44
44
44
44
44
44
44
44
44
44
44
44
44
44
44
43
43
43
43
43
43
43
43
43
43
43
43
43
43
43
43
43
42
42
42
42
42
42
42
42
42
42
42
42
42
42
42
42
42
42
42
42
42
42
42
42
41
41
41
41
41
41
41
41
41
41
41
41
41
41
41
41
41
41
41
41
40
40
40
40
40
40
40
40
40
40
40
40
40
40
40
40
40
40
40
40
40
40
40
39
39
39
39
39
39
39
39
39
39
39
39
39
39
39
39
39
39
39
39
39
39
38
38
38
38
38
38
38
38
38
38
38
38
38
38
38
38
38
38
38
38
37
37
37
37
37
37
37
37
37
37
37
37
37
37
37
37
37
37
37
37
37
36
36
36
36
36
36
36
36
36
36
36
36
36
36
36
36
36
36
36
36
36
36
36
36
36
36
36
36
35
35
35
35
35
35
35
35
35
35
35
35
35
35
35
35
35
35
35
35
35
35
35
35
35
35
35
35
35
35
34
34
34
34
34
34
34
34
34
34
34
34
34
34
34
33
33
33
33
33
33
33
33
33
33
33
33
33
33
33
33
33
33
33
33
33
33
33
32
32
32
32
32
32
32
32
32
32
32
32
32
32
32
32
32
32
32
32
32
32
32
32
32
31
31
31
31
31
31
31
31
31
31
31
31
31
31
31
31
31
31
31
31
31
31
30
30
30
30
30
30
30
30
30
30
30
30
30
30
30
30
30
30
30
29
29
29
29
29
29
29
29
29
29
29
29
29
29
29
29
29
29
29
29
29
28
28
28
28
28
28
28
28
28
28
28
28
28
28
28
28
27
27
27
27
27
27
27
27
27
27
27
27
27
27
27
27
27
27
27
26
26
26
26
26
26
26
26
26
26
26
26
26
26
26
26
26
26
26
26
26
26
26
26
26
26
26
25
25
25
25
25
25
25
25
25
25
25
25
25
25
25
25
25
25
25
25
24
24
24
24
24
24
24
24
24
24
24
24
24
24
24
24
24
24
24
24
24
23
23
23
23
23
23
23
23
23
23
23
23
23
23
23
23
23
23
23
23
23
23
23
23
23
23
23
22
22
22
22
22
22
22
22
22
22
22
22
22
22
22
22
22
22
22
22
22
22
22
22
21
21
21
21
21
21
21
21
21
21
21
21
21
21
21
21
21
21
21
21
20
20
20
20
20
20
20
20
20
20
20
20
20
20
20
20
20
20
20
20
20
20
19
19
19
19
19
19
19
19
19
19
19
19
19
19
19
19
18
18
18
18
18
18
18
18
18
18
18
18
18
18
18
18
18
18
18
18
18
17
17
17
17
17
17
17
17
17
17
17
17
17
17
17
17
17
17
17
17
17
17
17
17
17
17
17
17
17
16
16
16
16
16
16
16
16
16
16
16
16
16
16
16
16
16
16
16
16
16
16
16
15
15
15
15
15
15
15
15
15
15
15
15
15
15
15
15
15
15
15
15
15
15
15
15
15
15
14
14
14
14
14
14
14
14
14
14
14
14
14
14
14
14
14
14
14
14
14
14
14
14
14
14
14
13
13
13
13
13
13
13
13
13
13
13
13
13
13
12
12
12
12
12
12
12
12
12
12
12
12
12
12
12
12
12
12
12
12
12
12
12
12
12
11
11
11
11
11
11
11
11
11
11
11
11
11
11
11
11
11
11
11
11
11
11
11
11
11
10
10
10
10
10
10
10
10
10
10
10
10
10
10
10
10
10
10
10
10
10
10
10
10
10
10
10
10
9
9
9
9
9
9
9
9
9
9
9
9
9
9
9
9
9
9
9
8
8
8
8
8
8
8
8
8
8
8
8
8
8
8
8
8
8
8
8
8
8
8
7
7
7
7
7
7
7
7
7
7
7
7
7
7
7
7
7
7
7
7
7
7
7
7
7
7
7
7
7
7
7
6
6
6
6
6
6
6
6
6
6
6
6
6
6
6
6
6
6
6
6
6
6
6
6
5
5
5
5
5
5
5
5
5
5
5
5
5
5
5
5
5
5
5
5
5
4
4
4
4
4
4
4
4
4
4
4
4
4
4
4
4
4
4
4
4
4
3
3
3
3
3
3
3
3
3
3
3
3
3
3
3
3
3
3
3
3
3
3
3
2
2
2
2
2
2
2
2
2
2
2
2
2
2
2
1
1
1
1
1
1
1
1
1
1
1
1
1
1
1
1
1
1
1
1
1
1
1
1
