2300
66
43
32
42
52
77
42
5
67
52
21
9
94
80
53
33
44
48
17
60
80
59
11
29
39
16
12
72
9
81
3
76
99
11
21
47
81
36
1
50
73
100
95
50
95
26
14
58
6
34
59
28
34
37
8
56
26
61
30
78
63
62
98
33
60
70
66
53
25
83
95
49
70
13
31
68
23
21
59
21
30
1
79
47
36
100
51
17
94
95
46
72
83
42
1
56
8
7
48
59
15
75
90
72
87
65
44
64
28
86
64
42
62
39
91
100
69
53
12
87
22
35
37
1
7
75
36
51
66
77
13
94
81
38
67
65
54
6
31
86
65
5
53
93
72
20
36
38
67
71
18
11
25
86
74
43
94
98
33
48
98
10
16
41
54
38
44
12
64
65
83
4
73
67
77
69
95
91
42
34
88
64
30
60
57
16
69
38
32
34
34
30
37
92
71
10
1
69
8
68
18
83
69
77
28
16
10
48
21
12
85
73
77
38
89
61
14
66
21
74
60
2
42
1
58
10
78
55
72
17
60
56
56
14
7
29
27
11
41
80
19
52
36
2
97
99
63
61
94
16
58
88
72
3
66
26
27
2
54
81
46
61
20
29
61
48
87
36
31
45
58
19
97
8
15
27
86
17
34
39
90
1
98
24
50
49
95
65
78
61
94
34
58
97
50
42
97
95
5
20
90
63
63
69
91
61
48
5
33
31
71
67
100
34
27
85
95
8
70
87
5
94
17
33
95
75
47
92
80
48
30
56
15
34
39
27
47
15
93
81
70
34
60
7
19
75
16
65
43
15
82
73
46
53
95
34
12
96
96
84
4
17
20
23
54
39
49
86
76
12
52
4
26
98
58
37
56
49
38
56
34
68
21
10
90
5
4
34
52
60
17
3
9
92
13
22
32
60
56
71
35
20
39
2
29
27
85
40
65
63
65
60
29
72
71
96
50
85
69
4
7
79
100
42
33
55
31
88
72
15
56
57
43
14
16
83
81
75
75
17
47
32
47
48
90
28
40
36
87
62
18
90
56
34
51
63
17
38
55
49
47
46
93
87
74
82
1
14
13
23
25
4
14
39
90
12
90
82
66
23
50
45
22
36
50
82
22
54
73
99
95
58
43
6
59
23
71
17
56
95
95
66
68
34
55
57
53
99
90
44
32
96
18
43
92
24
34
92
83
65
35
52
30
72
76
50
93
86
63
38
15
36
50
92
80
44
33
9
47
91
70
64
50
44
73
97
45
95
59
5
97
80
99
58
7
79
60
48
64
91
21
56
29
56
91
16
42
26
38
60
1
92
3
91
40
16
74
2
74
1
39
89
30
60
90
5
44
69
84
65
4
60
66
91
10
76
53
100
88
60
78
31
16
6
77
34
87
93
3
71
51
61
50
93
33
74
67
12
82
22
50
65
35
42
66
94
73
62
96
7
53
16
54
11
95
8
23
95
53
82
98
66
9
1
59
81
94
10
87
54
54
97
71
44
91
82
56
76
70
8
14
59
29
53
37
25
19
90
57
37
92
1
34
22
18
24
39
88
38
4
57
42
69
13
20
3
20
36
68
49
83
11
67
58
77
22
96
30
85
28
3
11
86
50
94
85
96
47
62
95
32
73
25
68
92
69
23
21
9
10
69
83
58
53
8
79
13
72
53
40
67
17
30
64
7
26
14
30
58
94
12
1
23
31
33
52
92
21
66
36
17
17
58
82
22
44
27
90
41
53
33
74
33
99
1
7
18
73
31
71
43
48
65
95
35
88
20
50
34
72
40
95
65
43
29
67
95
89
50
18
93
7
6
16
32
79
10
100
61
89
43
40
19
47
34
24
76
17
21
97
36
55
84
80
38
18
36
53
15
7
14
16
77
67
8
57
31
73
38
1
41
37
82
91
99
47
75
75
86
38
63
16
28
22
17
27
31
66
69
74
9
66
46
60
24
69
47
31
18
14
41
22
81
87
51
83
56
99
36
40
94
90
71
84
61
51
28
31
73
67
75
72
70
94
12
4
82
64
15
30
100
91
27
67
22
40
77
4
21
53
25
29
39
41
30
86
68
40
90
4
39
20
3
58
84
68
82
38
36
42
14
77
38
73
85
36
40
85
9
69
79
69
85
58
85
31
36
15
100
97
69
10
29
96
74
26
21
25
45
36
48
76
87
93
70
55
28
91
81
94
69
75
67
12
48
6
30
8
23
63
21
70
30
65
34
18
83
2
20
16
30
38
81
15
44
41
23
19
97
69
32
1
45
73
53
65
47
44
12
4
17
33
93
26
29
29
48
8
19
75
13
24
66
34
83
37
9
30
5
67
18
71
98
60
13
99
66
32
3
56
43
95
24
14
2
76
27
10
15
22
4
15
63
45
48
9
24
22
96
37
84
58
25
11
31
57
98
25
79
47
70
53
27
12
59
95
89
77
31
72
95
78
91
34
68
90
59
80
21
74
62
58
55
46
88
82
94
31
15
2
11
30
85
42
14
12
26
42
85
38
16
17
10
45
31
42
49
26
38
46
92
69
85
11
60
85
11
80
35
88
40
40
10
10
34
44
67
58
24
74
95
53
56
53
26
83
16
71
53
3
18
40
34
67
55
36
36
38
84
19
84
60
74
61
62
67
25
90
70
33
86
10
98
89
48
4
55
88
10
62
16
3
16
43
4
95
49
71
80
93
84
91
79
65
4
27
34
58
64
48
4
56
41
78
42
77
7
2
50
1
7
22
99
1
79
4
53
18
75
69
31
64
41
22
89
16
36
11
17
72
96
95
100
29
69
78
73
36
68
15
63
21
67
86
88
33
89
35
12
8
50
16
77
87
61
1
17
31
55
52
25
49
50
9
23
81
35
89
32
21
65
69
57
6
100
66
8
30
41
27
23
79
18
93
1
72
5
44
77
90
12
30
70
48
80
22
89
89
68
99
77
55
3
83
63
69
57
34
19
35
13
30
46
35
66
51
10
85
3
100
92
95
48
87
21
14
34
66
36
7
82
37
98
90
26
8
76
53
33
56
20
87
65
60
41
77
24
27
92
61
63
27
95
59
8
40
23
77
22
5
8
99
45
55
46
46
46
23
38
53
75
84
90
98
35
86
55
36
99
31
13
17
3
74
26
26
57
38
74
51
79
51
77
97
88
67
79
9
19
36
96
20
49
26
27
52
88
44
64
14
68
5
77
60
66
10
33
80
44
66
38
11
95
36
42
51
8
28
85
27
61
13
72
88
25
21
41
8
75
91
24
62
14
49
14
63
96
8
28
95
55
3
18
55
43
78
79
65
89
11
79
72
67
74
20
6
78
49
73
89
8
24
67
92
33
33
99
41
8
68
3
2
90
89
52
75
84
22
27
57
36
40
91
17
25
85
8
79
99
84
86
1
32
100
9
12
57
35
2
72
37
10
74
12
34
80
46
21
15
70
29
8
50
14
67
58
100
63
43
60
40
8
73
42
88
94
70
55
81
10
78
57
78
58
99
68
8
64
54
35
73
25
42
81
89
7
30
28
90
99
94
21
16
95
92
45
53
23
41
29
42
53
33
59
18
52
18
53
61
23
80
26
25
19
5
59
25
93
57
54
94
9
6
7
44
86
20
6
93
1
17
91
65
6
54
14
99
61
42
34
86
3
78
28
55
36
32
56
92
47
69
81
38
65
87
54
45
13
60
1
20
80
36
74
2
13
75
89
62
58
53
11
28
63
54
98
100
25
77
45
14
14
27
54
69
90
17
21
26
12
21
93
89
35
9
68
43
19
72
61
52
94
44
75
66
32
32
43
25
15
54
54
42
87
14
5
42
9
35
48
45
25
42
96
58
99
63
90
48
86
53
81
37
70
31
43
53
70
14
25
33
61
94
33
57
9
57
87
24
38
36
58
90
58
20
97
12
58
13
15
43
23
19
85
36
2
53
87
41
54
41
97
33
99
43
30
22
29
29
1
17
19
20
12
43
35
81
83
58
14
93
95
48
90
39
32
69
3
68
6
69
58
3
4
88
23
29
51
84
65
1
83
78
42
2
16
5
60
25
22
69
57
96
66
71
41
61
87
78
12
30
89
23
13
26
78
41
5
26
41
100
85
4
7
35
54
44
6
95
29
91
23
22
84
5
95
23
5
54
11
62
83
83
78
50
35
22
66
52
24
45
48
13
59
76
76
44
51
45
78
98
19
88
12
99
24
32
80
20
3
25
40
78
100
32
31
39
94
65
8
90
50
92
76
93
10
89
15
72
85
82
59
30
67
51
58
20
15
3
10
15
58
92
30
8
88
68
76
63
43
40
40
38
87
44
95
98
10
40
81
33
87
10
59
58
79
14
54
87
96
36
93
87
19
38
75
38
11
30
29
51
85
69
61
22
80
38
72
6
44
79
57
84
2
69
24
31
76
32
96
64
60
10
43
41
18
49
53
59
64
44
46
28
100
49
74
69
53
93
27
9
98
16
88
5
2
98
59
38
96
98
66
58
84
80
29
16
57
42
8
81
16
41
68
30
51
17
99
28
50
6
69
46
54
68
75
100
29
54
50
50
48
11
5
29
97
38
98
20
11
27
88
14
66
79
48
7
91
87
86
57
59
67
45
57
95
31
15
100
80
73
42
77
27
65
57
87
56
28
29
61
30
73
60
19
47
49
46
84
26
71
92
2
77
52
80
52
56
38
2
3
27
5
50
69
74
73
49
14
76
50
31
21
27
55
88
71
20
61
62
60
83
23
30
29
52
48
95
67
34
48
87
58
93
88
48
22
49
28
85
60
94
88
68
62
50
20
52
20
3
13
41
66
84
87
70
70
4
90
1
30
100
47
57
19
18
21
82
3
74
18
32
9
63
11
46
85
51
83
80
60
12
4
1
45
94
88
88
47
62
14
19
64
4
26
54
69
58
91
86
66
5
89
47
96
88
84
98
64
10
42
7
17
70
13
45
61
73
43
73
82
86
77
28
74
20
84
66
17
53
31
74
41
2
56
39
44
11
11
62
51
89
100
27
80
95
47
57
58
27
39
73
75
32
6
40
53
81
31
58
37
83
45
61
9
73
72
3
23
42
2
19
1
18
7
72
36
51
81
9
42
23
18
65
56
87
39
91
38
82
83
39
76
84
97
97
72
86
20
47
87
37
42
72
98
60
94
62
61
77
61
36
1
49
62
78
52
48
39
50
96
68
25
23
6
88
33
49
22
83
25
87
90
43
3
83
34
85
52
25
100
100
100
100
100
100
100
100
100
100
100
100
100
100
100
100
100
100
99
99
99
99
99
99
99
99
99
99
99
99
99
99
99
99
99
98
98
98
98
98
98
98
98
98
98
98
98
98
98
98
98
98
98
98
98
98
97
97
97
97
97
97
97
97
97
97
97
97
97
97
97
97
97
97
97
97
97
97
97
97
97
97
96
96
96
96
96
96
96
96
96
96
96
96
96
96
96
96
96
96
96
96
95
95
95
95
95
95
95
95
95
95
95
95
95
95
95
95
95
95
95
95
95
95
95
95
95
95
95
95
95
95
95
95
95
95
94
94
94
94
94
94
94
94
94
94
94
94
94
94
94
94
94
94
94
94
94
94
93
93
93
93
93
93
93
93
93
93
93
93
93
93
93
93
93
93
93
93
93
93
93
93
93
93
93
93
93
93
93
93
92
92
92
92
92
92
92
92
92
92
92
92
92
92
92
92
92
91
91
91
91
91
91
91
91
91
91
91
91
91
91
91
91
91
91
91
91
91
90
90
90
90
90
90
90
90
90
90
90
90
90
90
90
90
90
90
90
90
89
89
89
89
89
89
89
89
89
89
89
89
89
89
89
89
89
89
89
89
89
89
89
89
89
88
88
88
88
88
88
88
88
88
88
88
88
88
88
88
88
88
88
88
88
88
88
88
88
88
88
88
87
87
87
87
87
87
87
87
87
87
87
87
87
87
87
86
86
86
86
86
86
86
86
86
86
86
86
86
86
86
86
86
86
86
85
85
85
85
85
85
85
85
85
85
85
85
85
85
85
85
85
85
85
85
84
84
84
84
84
84
84
84
84
84
84
84
84
84
83
83
83
83
83
83
83
83
83
83
83
83
83
83
83
83
83
83
83
83
83
83
83
82
82
82
82
82
82
82
82
82
82
82
82
82
82
82
82
82
82
82
82
82
81
81
81
81
81
81
81
81
81
81
81
81
81
81
81
81
81
81
81
81
80
80
80
80
80
80
80
80
80
80
80
80
80
80
80
80
80
80
80
80
80
80
80
80
80
79
79
79
79
79
79
79
79
79
79
79
79
79
79
79
79
79
79
78
78
78
78
78
78
78
78
78
78
78
78
78
78
78
78
78
78
78
78
78
78
78
78
78
78
77
77
77
77
77
77
77
77
77
77
77
77
77
77
77
77
77
77
77
77
77
77
77
77
76
76
76
76
76
76
76
76
76
76
76
76
76
76
76
76
76
76
76
75
75
75
75
75
75
75
75
75
75
75
75
75
75
75
75
75
75
75
75
75
74
74
74
74
74
74
74
74
74
74
74
74
74
74
74
74
74
74
74
74
74
73
73
73
73
73
73
73
73
73
73
73
73
73
73
73
73
73
73
73
73
73
73
73
73
73
73
73
73
73
73
72
72
72
72
72
72
72
72
72
72
72
72
72
72
72
71
71
71
71
71
71
71
71
71
71
71
71
71
71
71
71
71
71
71
71
71
71
71
71
71
71
71
71
71
71
71
70
70
70
70
70
70
70
70
70
70
70
70
70
70
70
70
70
70
70
70
70
70
70
70
69
69
69
69
69
69
69
69
69
69
69
69
69
69
69
69
69
69
69
69
69
69
68
68
68
68
68
68
68
68
68
68
68
68
68
68
68
68
68
68
68
68
68
68
68
68
68
67
67
67
67
67
67
67
67
67
67
67
67
67
67
67
67
67
67
67
67
67
67
66
66
66
66
66
66
66
66
66
66
66
66
66
66
66
66
66
66
66
66
66
66
66
65
65
65
65
65
65
65
65
65
65
65
65
65
65
65
65
65
65
65
65
65
65
65
65
65
65
65
65
65
65
65
65
64
64
64
64
64
64
64
64
64
64
64
64
64
64
64
64
64
64
64
64
64
64
64
64
64
64
64
64
64
64
64
63
63
63
63
63
63
63
63
63
63
63
63
63
63
63
63
63
63
63
62
62
62
62
62
62
62
62
62
62
62
62
62
62
62
62
62
62
61
61
61
61
61
61
61
61
61
61
61
61
61
61
61
61
60
60
60
60
60
60
60
60
60
60
60
60
60
60
60
60
60
60
60
60
60
60
60
59
59
59
59
59
59
59
59
59
59
59
59
59
59
59
59
59
59
59
59
58
58
58
58
58
58
58
58
58
58
58
58
58
58
58
58
58
58
58
58
57
57
57
57
57
57
57
57
57
57
57
57
57
57
57
57
57
57
57
57
57
56
56
56
56
56
56
56
56
56
56
56
56
56
56
56
56
56
56
56
56
56
56
56
56
56
56
55
55
55
55
55
55
55
55
55
55
55
55
55
55
55
55
55
55
55
55
54
54
54
54
54
54
54
54
54
54
54
54
54
54
54
54
54
54
54
54
54
54
54
53
53
53
53
53
53
53
53
53
53
53
53
53
53
53
53
53
53
53
53
53
53
53
53
52
52
52
52
52
52
52
52
52
52
52
52
52
52
52
52
52
52
51
51
51
51
51
51
51
51
51
51
51
51
51
51
51
51
51
51
51
51
51
51
51
51
50
50
50
50
50
50
50
50
50
50
50
50
50
50
50
50
50
50
50
50
50
50
50
50
50
50
49
49
49
49
49
49
49
49
49
49
49
49
49
49
49
49
49
49
49
49
49
49
49
49
48
48
48
48
48
48
48
48
48
48
48
48
48
48
48
48
48
48
48
48
48
48
48
48
48
48
48
48
48
48
48
48
48
47
47
47
47
47
47
47
47
47
47
47
47
47
47
47
47
47
47
47
47
46
46
46
46
46
46
46
46
46
46
46
46
46
46
46
46
46
46
46
46
46
46
46
46
46
46
46
46
46
45
45
45
45
45
45
45
45
45
45
45
45
45
45
45
45
45
45
45
45
45
45
45
45
45
45
45
45
45
44
44
44
44
44
44
44
44
44
44
44
44
44
44
44
44
44
44
44
44
44
44
44
44
44
44
44
44
44
43
43
43
43
43
43
43
43
43
43
43
43
43
43
43
43
43
43
43
43
42
42
42
42
42
42
42
42
42
42
42
42
42
42
42
42
42
42
42
42
42
42
42
42
42
42
42
42
42
42
42
41
41
41
41
41
41
41
41
41
41
41
41
41
41
41
41
40
40
40
40
40
40
40
40
40
40
40
40
40
40
40
40
40
40
40
40
40
39
39
39
39
39
39
39
39
39
39
39
39
39
39
39
39
39
39
38
38
38
38
38
38
38
38
38
38
38
38
38
38
38
38
38
38
38
38
38
38
38
38
38
37
37
37
37
37
37
37
37
37
37
37
37
37
37
37
37
37
37
37
37
36
36
36
36
36
36
36
36
36
36
36
36
36
36
36
36
36
36
36
36
36
36
36
36
36
36
36
36
36
36
35
35
35
35
35
35
35
35
35
35
35
35
35
35
35
35
35
35
35
35
35
35
35
35
34
34
34
34
34
34
34
34
34
34
34
34
34
34
34
34
34
34
34
34
34
34
33
33
33
33
33
33
33
33
33
33
33
33
33
33
33
33
33
33
33
33
33
33
33
33
33
32
32
32
32
32
32
32
32
32
32
32
32
32
32
32
32
32
32
32
32
32
32
31
31
31
31
31
31
31
31
31
31
31
31
31
31
31
31
31
31
31
31
31
31
31
31
31
31
31
30
30
30
30
30
30
30
30
30
30
30
30
30
30
30
30
30
30
30
30
30
30
30
30
30
30
30
30
29
29
29
29
29
29
29
29
29
29
29
29
29
29
29
29
29
29
29
29
29
29
29
29
29
29
29
28
28
28
28
28
28
28
28
28
28
28
28
28
28
28
28
28
28
28
28
28
28
28
27
27
27
27
27
27
27
27
27
27
27
27
27
27
27
27
27
27
27
27
26
26
26
26
26
26
26
26
26
26
26
26
26
26
26
26
26
26
26
26
26
26
26
26
26
25
25
25
25
25
25
25
25
25
25
25
25
25
25
25
25
25
25
25
24
24
24
24
24
24
24
24
24
24
24
24
24
24
24
24
24
24
24
24
24
24
24
24
24
24
23
23
23
23
23
23
23
23
23
23
23
23
23
23
23
23
22
22
22
22
22
22
22
22
22
22
22
22
22
22
22
22
22
22
22
22
22
22
22
22
22
22
22
21
21
21
21
21
21
21
21
21
21
21
21
21
21
21
21
21
21
21
21
20
20
20
20
20
20
20
20
20
20
20
20
20
20
20
20
20
20
20
20
20
20
20
20
20
20
20
20
20
20
20
20
19
19
19
19
19
19
19
19
19
19
19
19
19
19
19
19
19
19
19
19
19
19
19
18
18
18
18
18
18
18
18
18
18
17
17
17
17
17
17
17
17
17
17
17
17
17
17
17
17
17
17
17
17
17
16
16
16
16
16
16
16
16
16
16
16
16
16
16
16
16
16
16
16
15
15
15
15
15
15
15
15
15
15
15
15
15
15
15
15
15
15
15
15
15
14
14
14
14
14
14
14
14
14
14
14
14
14
14
14
14
14
14
14
14
14
14
14
13
13
13
13
13
13
13
13
13
13
13
13
13
13
13
13
13
13
13
13
13
13
13
13
13
13
13
13
13
13
13
13
13
12
12
12
12
12
12
12
12
12
12
12
12
12
12
12
12
12
12
11
11
11
11
11
11
11
11
11
11
11
11
11
11
11
11
11
11
11
11
11
11
11
11
11
11
11
11
11
11
10
10
10
10
10
10
10
10
10
10
10
10
10
10
10
10
10
10
10
10
9
9
9
9
9
9
9
9
9
9
9
9
9
9
9
9
9
9
9
9
9
9
8
8
8
8
8
8
8
8
8
8
8
8
8
8
8
8
8
8
8
8
8
8
7
7
7
7
7
7
7
7
7
7
7
7
7
7
7
7
7
7
7
6
6
6
6
6
6
6
6
6
6
6
6
6
6
6
6
6
6
6
6
6
6
6
6
6
5
5
5
5
5
5
5
5
5
5
5
5
5
5
5
5
5
5
5
5
5
5
5
5
5
5
5
5
5
5
5
5
5
5
4
4
4
4
4
4
4
4
4
4
4
4
4
4
4
4
4
4
4
4
4
4
3
3
3
3
3
3
3
3
3
3
3
3
3
3
3
3
3
3
3
3
3
3
3
3
2
2
2
2
2
2
2
2
2
2
2
2
2
2
2
2
2
2
2
2
2
2
2
1
1
1
1
1
1
1
1
1
1
1
1
1
1
1
1
1
1
1
1
1
1
1
1
