2400
69
64
36
74
77
78
41
48
48
15
69
21
13
22
70
49
58
19
10
49
32
37
72
19
41
68
97
56
12
26
47
74
52
39
92
62
13
61
5
73
28
3
60
53
32
32
61
62
24
49
81
22
11
52
28
13
91
25
52
27
84
42
15
26
12
89
5
21
17
100
74
2
58
100
100
46
84
91
69
93
10
97
43
78
28
9
5
16
40
16
58
31
50
17
64
93
47
47
68
51
35
89
74
84
74
51
55
87
65
12
19
89
25
6
69
81
6
23
45
53
67
44
97
37
57
61
7
40
70
66
12
22
49
36
56
14
14
91
95
80
18
43
82
76
34
63
22
80
36
94
41
25
6
13
76
87
4
31
71
79
81
99
48
42
89
75
84
52
49
82
13
65
93
97
22
79
92
73
93
23
13
91
17
77
36
2
52
72
6
63
15
47
70
8
78
50
19
100
81
71
88
1
65
61
81
91
58
69
79
59
14
81
23
84
12
46
11
8
24
25
60
26
36
48
60
41
71
56
24
39
22
5
63
98
96
21
67
13
9
84
65
22
5
6
36
47
66
48
14
18
2
51
19
24
70
6
19
14
100
39
100
39
91
36
36
44
30
36
58
25
35
31
37
87
70
74
46
75
36
73
47
34
90
97
28
90
21
83
49
98
15
65
5
45
52
76
47
77
7
24
67
66
47
75
4
41
31
58
34
5
57
24
99
29
66
71
23
92
22
29
92
39
83
60
43
87
61
56
52
51
62
44
92
5
100
60
39
8
15
68
67
62
16
87
51
54
65
62
10
100
65
52
60
39
20
79
85
13
6
10
85
48
50
90
88
77
60
64
17
26
59
15
41
81
28
76
4
3
73
67
12
3
14
56
16
91
85
71
2
19
2
27
21
22
77
57
79
83
3
100
41
73
41
38
60
37
48
45
93
45
36
23
72
54
67
79
27
43
89
88
20
41
21
34
17
42
41
90
78
32
66
100
93
37
72
99
81
55
4
27
41
3
72
49
43
72
89
50
37
83
32
44
43
82
99
7
78
91
84
38
29
30
69
94
7
34
35
89
86
28
33
4
21
87
8
12
40
96
15
90
50
23
99
31
14
44
26
55
32
40
65
27
8
93
30
41
100
15
84
39
68
46
87
36
60
50
76
65
93
21
21
71
94
37
44
21
1
29
91
77
8
61
7
75
45
74
42
1
39
65
13
32
47
43
45
14
79
30
95
58
38
60
53
41
34
56
85
100
72
23
11
35
73
97
68
35
52
63
20
82
83
37
5
93
78
63
92
15
44
29
8
97
17
40
43
1
82
44
99
80
16
90
68
3
15
27
64
76
47
14
61
99
38
37
8
20
60
1
8
7
13
40
56
53
45
75
17
62
68
19
71
71
45
62
48
6
10
9
99
27
33
51
4
42
92
34
70
28
87
79
32
3
91
9
24
2
16
76
17
36
8
47
22
79
57
7
82
79
2
35
5
60
21
10
40
5
89
54
38
77
22
32
31
41
71
90
80
58
36
9
24
66
96
33
78
75
99
87
74
38
98
23
82
63
90
61
5
70
68
38
16
42
82
27
52
2
92
94
91
71
78
10
65
43
76
71
35
60
59
45
90
67
21
42
29
63
13
98
1
31
89
22
90
12
13
8
81
40
14
93
99
98
99
75
11
67
52
49
79
61
65
62
64
77
13
85
50
20
5
97
34
65
54
7
13
60
40
82
88
27
34
38
50
78
92
79
28
55
8
56
65
25
91
72
60
34
14
72
39
24
60
99
89
5
10
69
34
71
28
70
12
81
86
45
89
66
33
97
25
9
61
89
63
22
19
19
8
22
15
33
67
5
75
89
86
3
32
73
93
17
60
83
64
59
62
47
7
35
39
68
31
71
64
30
24
19
36
69
3
82
30
53
49
33
43
97
96
2
30
73
63
4
10
72
100
26
67
18
67
1
32
38
79
70
55
80
75
22
45
50
4
99
27
25
21
58
66
93
71
18
85
76
14
5
23
13
94
54
7
85
78
35
71
98
37
3
50
57
63
21
76
85
29
78
23
81
8
32
78
28
13
56
39
87
97
98
60
38
85
25
58
69
65
26
28
33
12
7
68
60
24
77
29
60
53
74
97
93
68
27
2
61
71
41
56
15
67
22
98
81
55
92
53
14
48
13
2
23
73
89
19
54
99
7
57
96
38
61
7
8
79
41
28
97
4
88
36
40
18
87
88
95
28
24
7
83
86
9
5
64
68
54
24
11
37
61
10
57
5
7
58
61
65
31
88
2
22
34
46
35
33
32
40
89
99
69
56
52
92
48
52
96
19
79
61
98
77
47
11
85
41
10
28
50
51
55
61
45
13
9
57
45
94
16
1
58
58
70
3
19
11
12
83
80
96
60
37
33
67
100
100
84
48
24
81
13
23
30
76
50
60
62
39
90
55
63
56
82
4
77
36
71
35
84
62
49
42
71
4
16
40
65
92
34
93
79
95
51
36
92
92
39
57
37
40
29
64
54
30
64
45
48
14
62
78
39
76
19
54
37
17
57
94
86
9
48
98
39
20
89
55
69
11
8
5
59
54
64
28
6
61
28
29
67
4
68
77
70
14
41
69
71
91
71
79
53
20
36
98
70
6
48
25
79
30
95
90
61
31
59
42
87
53
41
49
3
15
6
97
47
33
24
1
54
54
93
13
1
41
3
16
64
53
63
21
1
50
87
71
57
45
95
46
84
37
76
18
91
66
29
34
19
71
26
44
57
35
23
73
50
73
38
1
15
71
66
85
35
92
61
95
45
57
60
43
63
49
89
18
5
56
59
23
41
64
40
21
76
19
1
36
30
17
64
26
33
35
97
86
76
42
79
1
92
100
59
15
20
43
53
16
86
30
17
34
79
45
67
46
35
8
37
92
82
27
6
37
19
36
98
69
98
68
27
66
41
85
69
99
39
30
46
36
38
30
87
72
68
45
92
33
83
53
13
54
49
43
43
62
87
35
30
35
36
47
19
44
91
63
63
40
2
56
45
39
88
99
33
1
10
33
27
19
2
93
69
100
62
50
69
64
78
68
16
9
50
28
53
86
35
80
89
91
7
71
19
15
29
45
17
17
1
73
35
4
31
54
74
51
53
63
40
33
59
54
12
87
58
37
47
95
61
16
72
68
44
69
80
51
60
43
82
95
29
1
5
27
33
25
99
56
43
53
4
63
27
81
23
2
42
18
87
56
72
67
8
97
55
85
89
28
98
88
35
65
89
87
88
46
31
27
2
8
62
3
95
4
63
87
29
93
47
65
29
75
68
94
13
44
24
8
55
34
46
69
78
16
25
54
99
92
29
23
27
59
67
75
41
93
27
33
48
77
42
81
75
79
87
51
27
89
67
95
22
5
12
64
4
7
69
55
87
18
22
63
68
49
17
95
88
30
8
51
5
42
63
80
83
46
28
12
30
71
33
90
97
46
74
30
30
57
58
98
42
68
27
25
37
21
9
16
87
9
85
97
19
46
43
17
91
71
86
87
86
50
63
5
5
97
44
40
53
30
37
54
1
9
9
18
39
61
20
93
75
68
92
5
57
35
49
23
89
8
86
51
75
5
69
52
26
85
75
40
71
48
16
79
59
98
10
67
63
75
39
68
85
26
97
7
37
50
91
3
3
47
55
61
98
46
43
52
77
77
19
60
98
8
83
88
81
31
16
35
38
23
70
64
22
37
8
25
32
1
78
33
87
58
58
4
61
69
64
86
31
84
28
30
87
100
97
52
90
72
26
32
4
47
75
87
52
41
82
51
65
28
87
17
11
84
91
3
90
72
100
11
29
53
57
89
49
18
63
57
52
14
85
24
4
78
74
9
43
82
70
2
52
18
78
8
91
37
73
66
93
59
80
52
40
8
97
77
90
92
30
21
7
12
7
23
8
36
82
26
71
34
67
91
47
65
75
7
6
95
71
98
75
19
99
19
15
66
1
45
42
99
75
26
32
38
41
79
48
59
32
82
68
60
18
68
39
62
48
55
33
12
99
59
60
5
41
92
28
72
49
46
75
68
35
71
71
56
83
92
62
100
9
29
82
20
22
9
22
93
61
71
67
98
56
81
14
93
96
40
70
78
43
74
14
42
24
98
13
24
10
37
18
58
23
98
97
58
57
21
90
94
16
41
69
17
62
45
6
10
67
99
92
40
65
15
20
27
100
42
76
59
4
77
31
51
3
80
72
54
45
14
34
95
76
63
60
38
23
22
33
27
39
29
15
12
17
5
47
29
85
54
8
47
19
43
92
29
34
76
44
61
53
91
84
49
10
97
81
4
31
49
67
98
12
25
99
75
54
1
57
60
84
47
36
39
37
65
17
25
56
2
80
29
86
79
61
39
98
32
93
59
37
29
48
24
71
75
7
70
73
63
70
95
95
51
22
94
75
17
10
97
59
31
23
96
99
58
4
42
34
56
43
73
76
61
47
54
75
65
89
11
20
56
80
58
32
88
14
33
90
80
72
31
47
36
18
15
41
90
80
69
7
12
65
67
78
85
58
78
100
88
33
2
20
43
75
18
50
51
26
80
19
75
91
52
32
5
46
64
36
14
34
65
56
61
100
47
27
6
18
54
21
79
69
98
16
7
65
58
89
44
4
73
30
51
12
97
53
32
92
23
70
89
49
81
96
81
64
75
3
51
78
84
93
16
60
44
13
13
49
54
25
34
30
50
57
10
76
89
13
91
41
4
83
34
1
5
59
93
80
80
96
54
64
52
49
18
21
57
35
13
28
85
61
18
93
25
3
96
85
70
46
91
35
71
27
41
71
33
14
95
33
82
29
77
31
7
28
42
85
72
77
94
68
56
57
67
85
41
98
50
24
92
66
49
52
63
87
91
84
58
20
22
56
97
17
96
44
80
33
42
95
20
45
56
42
9
80
32
1
29
24
80
52
24
97
40
78
48
29
86
70
89
35
27
18
73
91
7
5
9
11
44
4
2
71
64
5
51
91
43
39
24
53
52
34
99
15
42
69
61
75
47
32
35
6
84
73
32
19
6
11
37
13
77
19
89
26
17
92
87
12
74
94
29
35
57
47
17
79
66
100
35
16
55
18
18
75
41
38
57
28
32
60
5
72
76
50
87
23
38
42
61
42
3
75
23
9
29
65
6
97
86
71
30
99
84
18
2
81
24
39
62
53
95
89
19
77
93
83
71
51
3
77
68
74
12
64
48
16
23
64
50
91
32
82
89
17
28
79
13
2
57
33
44
61
70
95
78
88
65
29
6
42
59
11
89
14
57
32
16
60
87
89
39
74
51
41
62
24
54
24
86
38
43
21
32
77
20
89
41
75
44
98
47
87
19
61
2
87
33
25
100
31
43
2
73
16
60
27
84
18
61
3
34
39
100
52
95
60
20
54
59
36
68
92
82
50
62
53
96
81
63
21
99
12
100
100
100
100
100
100
100
100
100
100
100
100
100
100
100
100
100
100
100
100
100
100
100
100
100
100
100
99
99
99
99
99
99
99
99
99
99
99
99
99
99
99
99
99
99
99
99
99
99
99
99
98
98
98
98
98
98
98
98
98
98
98
98
98
98
98
98
98
98
98
98
97
97
97
97
97
97
97
97
97
97
97
97
97
97
97
97
97
97
97
97
96
96
96
96
96
96
96
96
96
96
96
96
96
96
96
96
96
96
96
96
96
96
96
96
96
96
96
95
95
95
95
95
95
95
95
95
95
95
95
95
95
95
95
95
95
95
95
95
95
95
95
95
95
95
94
94
94
94
94
94
94
94
94
94
94
94
94
94
94
94
94
94
94
94
94
94
94
94
94
94
93
93
93
93
93
93
93
93
93
93
93
93
93
93
93
93
93
93
93
93
93
93
93
93
93
93
92
92
92
92
92
92
92
92
92
92
92
92
92
92
92
92
92
92
92
92
92
92
92
92
92
92
92
92
92
91
91
91
91
91
91
91
91
91
91
91
91
91
91
91
91
91
91
91
91
91
91
91
90
90
90
90
90
90
90
90
90
90
90
90
90
90
90
90
90
90
90
90
90
90
90
89
89
89
89
89
89
89
89
89
89
89
89
89
89
89
89
89
89
89
89
89
89
89
89
89
89
88
88
88
88
88
88
88
88
88
88
88
88
88
88
88
88
88
87
87
87
87
87
87
87
87
87
87
87
87
87
87
87
87
87
87
87
87
87
87
87
87
87
87
87
86
86
86
86
86
86
86
86
86
86
86
86
86
86
86
86
86
86
86
86
86
86
86
86
86
85
85
85
85
85
85
85
85
85
85
85
85
85
85
85
85
85
85
85
85
85
85
85
85
85
85
85
85
84
84
84
84
84
84
84
84
84
84
84
84
84
84
84
84
84
84
84
84
84
84
84
84
84
84
84
83
83
83
83
83
83
83
83
83
83
83
83
83
83
83
83
83
83
83
83
83
83
83
83
83
83
83
82
82
82
82
82
82
82
82
82
82
82
82
82
82
82
82
82
81
81
81
81
81
81
81
81
81
81
81
81
81
81
81
81
81
81
81
81
81
81
81
81
80
80
80
80
80
80
80
80
80
80
80
80
80
80
80
80
80
80
80
80
80
79
79
79
79
79
79
79
79
79
79
79
79
79
79
79
79
79
79
79
79
79
79
79
79
79
79
79
79
79
79
79
78
78
78
78
78
78
78
78
78
78
78
78
78
78
78
78
78
78
78
78
78
78
78
78
78
78
78
78
78
78
78
77
77
77
77
77
77
77
77
77
77
77
77
77
77
77
77
77
77
77
77
77
77
77
77
77
76
76
76
76
76
76
76
76
76
76
76
76
76
76
76
76
76
76
76
76
76
76
76
76
76
76
76
76
76
76
76
76
76
76
75
75
75
75
75
75
75
75
75
75
75
75
75
75
75
75
75
75
75
75
75
75
75
75
74
74
74
74
74
74
74
74
74
74
74
74
74
74
74
74
74
74
74
74
74
74
74
74
74
74
74
74
74
74
74
73
73
73
73
73
73
73
73
73
73
73
73
73
73
73
73
73
73
73
73
73
73
73
73
72
72
72
72
72
72
72
72
72
72
72
72
72
72
72
72
72
72
72
72
72
72
71
71
71
71
71
71
71
71
71
71
71
71
71
71
71
71
71
71
71
71
71
70
70
70
70
70
70
70
70
70
70
70
70
70
70
70
70
70
70
69
69
69
69
69
69
69
69
69
69
69
69
69
69
69
69
69
69
69
69
69
69
69
68
68
68
68
68
68
68
68
68
68
68
68
68
68
68
68
68
68
68
68
68
68
68
68
68
68
68
68
68
68
68
68
68
68
68
68
67
67
67
67
67
67
67
67
67
67
67
67
67
67
67
67
67
67
67
67
66
66
66
66
66
66
66
66
66
66
66
66
66
66
66
66
66
66
66
66
66
66
66
66
66
66
66
65
65
65
65
65
65
65
65
65
65
65
65
65
65
65
65
65
65
64
64
64
64
64
64
64
64
64
64
64
64
64
64
64
64
64
64
64
64
64
64
64
64
64
64
63
63
63
63
63
63
63
63
63
63
63
63
63
63
63
63
63
63
63
63
63
62
62
62
62
62
62
62
62
62
62
62
62
62
62
62
62
61
61
61
61
61
61
61
61
61
61
61
61
61
61
61
61
61
61
61
61
61
61
61
61
61
61
61
60
60
60
60
60
60
60
60
60
60
60
60
60
60
60
60
60
60
59
59
59
59
59
59
59
59
59
59
59
59
59
59
59
59
59
59
59
59
59
59
59
59
58
58
58
58
58
58
58
58
58
58
58
58
58
58
58
58
58
58
58
58
58
58
58
58
58
58
58
58
58
58
58
58
57
57
57
57
57
57
57
57
57
57
57
57
57
57
57
57
57
57
57
57
57
57
57
57
57
57
57
57
57
57
56
56
56
56
56
56
56
56
56
56
56
56
56
56
56
56
56
56
56
56
56
56
56
56
55
55
55
55
55
55
55
55
55
55
55
55
55
55
55
55
55
55
55
55
55
55
55
54
54
54
54
54
54
54
54
54
54
54
54
54
54
54
54
54
54
54
54
53
53
53
53
53
53
53
53
53
53
53
53
53
53
53
53
53
53
53
53
53
53
53
53
53
53
53
53
53
53
53
53
52
52
52
52
52
52
52
52
52
52
52
52
52
52
52
52
52
52
52
52
51
51
51
51
51
51
51
51
51
51
51
51
51
51
51
51
51
51
51
51
51
51
50
50
50
50
50
50
50
50
50
50
50
50
50
50
50
50
50
50
50
50
50
50
50
50
49
49
49
49
49
49
49
49
49
49
49
49
49
49
49
49
49
49
49
49
49
49
49
49
49
49
48
48
48
48
48
48
48
48
48
48
48
48
48
48
48
48
48
48
48
48
48
48
48
48
48
48
47
47
47
47
47
47
47
47
47
47
47
47
47
47
47
47
47
47
47
47
47
47
47
47
46
46
46
46
46
46
46
46
46
46
46
46
46
46
46
46
46
46
46
46
46
46
46
45
45
45
45
45
45
45
45
45
45
45
45
45
45
45
45
45
44
44
44
44
44
44
44
44
44
44
44
44
44
44
44
44
44
44
44
44
44
44
44
44
43
43
43
43
43
43
43
43
43
43
43
43
43
43
43
43
43
43
43
43
42
42
42
42
42
42
42
42
42
42
42
42
42
42
42
42
42
42
42
41
41
41
41
41
41
41
41
41
41
41
41
41
41
41
41
41
41
41
40
40
40
40
40
40
40
40
40
40
40
40
40
40
40
40
40
40
40
40
40
40
40
40
40
40
39
39
39
39
39
39
39
39
39
39
39
39
39
39
39
39
39
39
39
39
39
39
39
39
39
39
38
38
38
38
38
38
38
38
38
38
38
38
38
38
38
38
38
38
38
38
38
38
38
38
38
38
37
37
37
37
37
37
37
37
37
37
37
37
37
37
37
37
37
37
37
37
37
37
37
37
37
37
36
36
36
36
36
36
36
36
36
36
36
36
36
36
36
36
36
36
36
36
36
36
36
36
35
35
35
35
35
35
35
35
35
35
35
35
35
35
35
35
35
35
35
35
35
35
35
35
35
35
34
34
34
34
34
34
34
34
34
34
34
34
34
34
34
34
34
34
34
34
34
34
34
34
34
33
33
33
33
33
33
33
33
33
33
33
33
33
33
33
33
33
33
33
33
33
33
32
32
32
32
32
32
32
32
32
32
32
32
32
32
32
32
32
32
32
32
32
32
32
32
32
32
32
32
32
32
32
31
31
31
31
31
31
31
31
31
31
31
31
31
31
31
31
31
31
31
31
31
31
31
31
30
30
30
30
30
30
30
30
30
30
30
30
30
30
30
30
30
30
30
30
30
30
30
29
29
29
29
29
29
29
29
29
29
29
29
29
29
29
29
29
29
29
29
29
29
29
29
28
28
28
28
28
28
28
28
28
28
28
28
28
28
28
28
28
28
28
28
28
28
27
27
27
27
27
27
27
27
27
27
27
27
27
27
27
27
27
27
27
27
27
26
26
26
26
26
26
26
26
26
26
26
26
26
26
26
26
26
26
26
25
25
25
25
25
25
25
25
25
25
25
25
25
25
25
25
25
25
25
25
25
25
25
25
25
25
25
25
24
24
24
24
24
24
24
24
24
24
24
24
24
24
23
23
23
23
23
23
23
23
23
23
23
23
23
23
23
23
23
23
23
23
23
23
23
23
23
23
22
22
22
22
22
22
22
22
22
22
22
22
22
22
22
22
22
22
22
22
22
21
21
21
21
21
21
21
21
21
21
21
21
21
21
21
21
21
21
21
21
21
20
20
20
20
20
20
20
20
20
20
20
20
20
20
20
20
20
20
20
20
20
20
20
20
20
20
20
20
20
19
19
19
19
19
19
19
19
19
19
19
19
19
19
19
19
19
19
19
19
19
19
19
19
19
19
19
19
19
19
19
18
18
18
18
18
18
18
18
18
18
18
18
18
18
18
18
18
18
18
18
18
18
18
18
18
18
17
17
17
17
17
17
17
17
17
17
17
17
17
17
17
17
17
17
16
16
16
16
16
16
16
16
16
16
16
16
16
16
16
16
16
16
16
16
16
16
16
16
16
16
16
15
15
15
15
15
15
15
15
15
15
15
15
15
15
15
15
15
15
15
15
15
15
15
15
15
15
15
14
14
14
14
14
14
14
14
14
14
14
14
13
13
13
13
13
13
13
13
13
13
13
13
13
13
13
13
13
13
13
13
13
13
13
12
12
12
12
12
12
12
12
12
12
12
12
12
12
12
12
12
12
12
12
12
11
11
11
11
11
11
11
11
11
11
11
11
11
11
11
11
11
11
11
11
11
11
11
11
11
11
10
10
10
10
10
10
10
10
10
10
10
10
10
10
10
10
10
10
10
9
9
9
9
9
9
9
9
9
9
9
9
9
9
9
9
9
9
9
9
9
9
9
9
8
8
8
8
8
8
8
8
8
8
8
8
8
8
8
8
8
8
8
8
8
8
8
8
8
8
8
8
8
8
8
7
7
7
7
7
7
7
7
7
7
7
7
7
7
7
7
7
7
7
7
7
7
7
6
6
6
6
6
6
6
6
6
6
6
6
6
6
6
6
6
6
6
6
6
6
6
6
6
6
6
6
5
5
5
5
5
5
5
5
5
5
5
5
5
5
5
5
5
5
5
5
5
5
4
4
4
4
4
4
4
4
4
4
4
4
4
4
4
4
4
3
3
3
3
3
3
3
3
3
3
3
3
3
3
3
3
3
3
3
3
3
3
3
2
2
2
2
2
2
2
2
2
2
2
2
2
2
2
2
2
2
2
2
2
2
1
1
1
1
1
1
1
1
1
1
1
1
1
1
1
1
1
1
1
1
1
1
1
