2500
28
93
17
76
10
91
28
10
31
89
75
50
58
70
97
21
32
46
50
35
87
57
3
78
73
52
38
65
97
29
54
7
31
51
76
70
49
23
20
26
21
63
81
68
78
28
99
31
69
65
8
47
100
62
96
72
88
51
4
33
78
79
82
47
72
18
100
51
95
91
70
8
29
82
43
44
63
51
94
63
39
87
89
38
62
92
29
56
89
26
7
82
38
77
78
34
98
24
87
51
49
42
49
33
31
14
34
40
82
1
92
86
28
40
36
27
89
9
76
94
91
75
69
22
35
31
41
48
80
51
31
58
40
35
60
53
66
26
39
34
40
18
17
97
13
21
9
93
49
96
48
79
77
87
6
7
21
86
49
66
5
62
100
46
65
4
48
43
15
49
41
50
25
58
83
89
85
75
70
23
84
27
64
19
99
91
62
48
36
26
59
88
84
55
78
70
15
75
59
95
48
31
89
81
26
62
6
52
75
72
10
87
84
36
76
46
60
59
41
47
78
98
10
42
56
36
44
50
35
20
3
65
7
7
94
54
70
37
73
89
81
41
62
64
29
50
1
67
28
14
58
14
87
64
90
29
35
76
78
53
99
12
58
84
19
30
27
68
10
1
94
52
45
58
18
62
41
48
74
20
12
70
35
5
36
36
3
15
21
29
36
8
28
31
11
59
16
29
19
54
87
18
51
23
97
25
16
86
46
20
93
62
72
44
91
71
81
50
20
25
69
21
47
55
57
57
40
28
92
78
80
57
32
57
64
93
100
58
31
79
24
67
14
69
52
37
4
97
82
27
64
13
99
17
51
14
99
97
3
19
75
26
11
78
25
65
86
3
3
31
8
84
32
61
87
72
50
38
77
41
56
25
85
65
37
9
25
70
70
70
77
24
55
1
97
72
4
93
69
38
40
16
79
100
28
10
53
52
57
43
41
45
93
22
99
63
59
13
2
15
70
26
87
63
100
45
35
92
35
14
75
49
44
98
87
48
72
70
29
61
65
27
53
84
71
39
19
14
2
32
32
91
17
85
40
4
74
38
49
78
71
58
100
22
91
23
56
77
22
40
75
20
62
83
43
77
27
82
6
74
26
5
27
48
66
98
23
17
63
59
82
92
40
73
11
53
59
72
39
64
100
87
58
16
57
39
76
32
34
98
96
43
35
37
37
54
12
65
77
85
1
49
65
3
14
93
53
17
54
37
95
4
9
16
78
11
3
72
73
20
19
21
71
32
3
44
84
34
69
74
6
39
7
83
86
18
36
75
88
36
65
56
15
20
25
48
40
24
75
18
59
42
19
95
78
32
56
8
41
18
96
82
50
30
19
46
83
10
71
6
4
49
74
43
26
98
91
36
40
69
42
54
10
19
5
16
42
79
72
71
29
5
9
30
99
22
8
42
23
92
21
62
14
25
25
37
66
22
81
24
54
52
30
76
67
39
83
18
55
34
23
99
44
80
19
1
68
93
86
8
76
97
93
93
66
4
50
1
12
20
28
79
32
39
52
11
44
7
39
77
57
81
64
45
91
69
5
81
3
45
5
25
30
4
13
15
54
62
85
7
84
64
27
89
8
72
87
64
20
18
77
33
10
34
37
28
10
11
96
50
15
20
61
16
86
16
45
53
59
64
46
51
9
85
28
21
23
27
93
67
72
89
34
31
54
27
56
15
61
4
96
15
58
46
84
84
9
73
24
56
26
7
13
72
63
79
24
82
73
78
29
17
73
92
71
95
5
56
61
98
94
12
71
86
34
10
72
40
23
49
41
52
34
29
79
24
52
69
36
31
59
62
53
54
55
23
13
34
13
63
92
80
53
2
14
28
71
14
52
30
81
97
99
100
38
18
3
23
69
39
65
24
60
86
80
85
85
57
66
99
58
18
15
9
70
34
12
61
100
68
55
87
72
11
70
7
43
55
50
53
85
77
99
48
73
85
39
41
29
43
33
79
77
90
9
92
41
34
24
73
49
84
73
84
78
35
68
80
20
96
2
42
92
10
71
94
41
51
43
50
2
53
82
3
48
6
51
96
34
39
38
49
80
8
6
92
63
96
11
83
35
66
41
11
30
38
11
72
44
60
20
20
76
83
11
12
85
69
42
3
44
68
38
81
6
23
25
74
84
5
55
71
62
42
69
94
91
29
3
97
72
100
45
89
62
15
22
96
14
99
34
83
31
86
67
58
5
80
89
38
89
11
43
29
82
87
32
100
59
46
87
2
76
70
11
32
53
100
76
33
33
82
72
58
82
72
2
61
51
16
84
13
65
23
29
60
1
18
38
62
85
53
10
34
95
27
1
36
10
42
78
32
30
65
83
4
28
70
79
27
5
59
44
40
65
24
89
60
46
11
91
56
8
8
93
91
47
36
16
28
23
23
10
55
54
89
60
42
42
13
93
59
86
57
58
78
4
95
41
15
6
12
62
68
8
51
37
86
16
44
85
4
89
4
66
4
87
92
49
49
93
86
5
67
88
14
24
56
26
7
71
97
79
24
13
1
63
48
35
89
1
49
93
7
84
81
21
70
69
7
31
25
63
76
50
61
22
72
20
9
42
61
4
45
93
79
26
58
99
71
29
68
96
98
54
75
70
9
50
56
86
44
16
22
92
60
54
41
35
30
60
7
67
59
72
41
67
10
88
67
95
14
77
71
69
28
76
65
4
87
94
99
77
57
67
78
81
90
59
46
81
51
43
57
34
55
83
78
49
72
77
97
97
51
44
35
72
86
33
98
25
94
78
99
59
96
38
47
52
66
30
77
21
79
5
63
50
53
86
1
88
16
23
69
19
100
2
95
2
72
78
91
66
59
45
40
66
85
42
51
45
11
82
50
16
94
50
64
1
15
56
93
33
4
28
4
71
85
29
7
56
96
97
25
83
39
93
6
70
47
24
13
67
69
26
80
6
48
42
10
59
1
49
2
36
34
31
13
93
76
96
87
24
51
23
16
60
96
53
25
13
30
31
60
3
40
62
3
43
20
65
66
70
59
23
42
59
57
52
63
93
83
10
15
81
67
99
100
33
5
11
89
99
8
94
45
9
65
59
89
17
32
95
7
39
60
90
20
79
28
84
62
87
52
61
58
66
7
66
64
42
38
79
59
15
93
87
64
11
30
41
18
100
9
81
29
89
12
7
20
9
4
49
46
21
73
75
47
81
50
65
20
9
81
9
36
14
1
7
37
74
24
13
100
32
62
60
61
52
1
44
37
51
77
51
21
55
80
23
55
84
62
61
42
100
39
31
76
56
25
88
68
50
29
66
33
96
47
68
88
3
98
16
7
10
33
24
91
47
9
69
61
7
53
40
27
25
73
78
25
79
17
27
86
98
49
100
43
41
37
41
54
30
94
30
15
38
11
42
61
78
19
63
81
95
63
76
92
71
44
10
9
48
93
25
72
37
83
97
11
39
15
14
88
57
11
85
57
14
17
65
66
9
60
14
13
3
76
26
93
69
30
64
77
14
94
80
20
5
55
18
63
24
87
92
14
17
70
20
80
72
46
78
11
73
49
33
58
51
11
57
91
22
38
86
2
75
59
31
79
21
24
78
9
31
53
61
52
61
4
71
3
2
70
71
53
9
82
9
56
52
57
13
85
40
47
14
88
31
44
7
97
61
90
16
59
18
41
22
26
99
80
9
12
12
96
39
16
5
34
21
52
37
49
92
7
51
9
98
90
57
59
19
53
17
18
30
7
36
38
43
40
11
36
49
40
25
14
15
53
99
9
9
18
16
73
26
4
23
92
60
14
2
16
27
91
19
81
39
7
98
19
78
5
97
52
58
72
31
80
27
43
17
59
74
51
52
73
71
76
41
12
38
82
24
34
55
72
71
57
65
19
89
30
13
60
31
20
61
54
68
79
70
17
59
90
82
33
82
29
42
84
36
40
64
23
16
90
56
3
55
65
47
33
90
50
7
33
29
2
44
62
54
88
35
49
34
99
31
56
66
93
2
66
63
10
74
55
1
43
55
13
40
59
96
75
46
75
56
14
31
25
96
3
79
44
7
89
52
97
46
80
89
70
29
74
57
69
73
79
55
34
88
51
80
95
56
8
24
42
18
36
56
22
64
93
66
69
25
43
52
46
96
93
81
41
15
19
18
46
84
82
72
61
4
88
94
20
17
73
23
24
25
72
66
51
91
6
38
80
43
64
89
16
33
47
41
94
100
36
89
67
11
32
85
52
75
5
43
53
30
95
23
80
99
61
9
10
73
70
27
93
19
64
77
65
75
50
2
58
29
73
95
87
81
66
17
17
68
91
17
93
82
48
19
99
97
49
2
58
40
37
30
65
91
11
20
21
53
53
54
30
82
88
13
34
35
17
78
7
53
2
83
82
36
78
93
96
31
80
79
49
2
13
75
17
98
86
89
50
42
82
31
85
31
87
70
79
60
26
50
49
37
93
81
14
33
30
43
62
86
42
73
23
90
54
36
2
73
30
48
38
40
32
50
91
5
69
39
58
53
1
98
63
100
16
53
70
6
9
36
76
2
66
77
68
34
6
61
4
33
41
8
76
86
39
2
92
66
94
15
67
20
66
53
4
18
73
43
5
69
91
17
55
55
8
60
97
63
52
61
40
10
71
72
55
14
64
54
54
86
98
22
8
22
5
95
46
7
4
55
67
51
24
22
6
52
45
20
55
22
76
34
80
74
74
81
17
40
95
74
45
33
25
23
51
51
29
34
70
35
29
35
27
85
14
86
56
14
84
24
6
91
62
71
60
43
27
69
42
90
4
82
34
70
92
68
9
70
43
54
62
18
52
71
41
97
51
8
92
51
62
62
71
73
23
90
48
25
83
12
94
2
87
1
30
76
25
80
51
28
33
95
72
30
22
25
71
42
17
36
58
1
51
93
7
25
6
2
2
17
57
10
85
37
8
46
2
62
34
99
82
80
99
10
10
70
38
32
81
17
80
21
42
65
2
14
41
24
62
45
50
84
1
92
6
29
4
5
95
50
31
22
100
93
31
93
61
5
23
38
53
23
37
25
76
89
43
29
67
94
79
14
47
21
6
56
17
90
31
76
76
54
6
83
11
35
16
89
33
54
58
94
40
20
13
37
53
91
24
56
49
54
75
40
48
20
43
27
35
22
81
53
74
47
30
84
27
43
63
21
55
37
81
25
38
61
79
36
74
92
7
36
58
50
78
83
82
98
90
33
69
62
56
79
69
43
8
64
28
8
31
48
51
98
40
45
5
22
79
38
83
26
16
66
68
59
69
61
11
35
42
29
36
5
75
13
79
88
83
32
30
74
42
84
45
35
64
5
66
61
15
80
45
1
37
79
34
35
82
21
53
65
78
24
50
39
40
27
72
15
14
81
40
72
60
78
63
10
94
2
25
32
18
22
44
48
25
70
49
23
56
96
74
91
39
88
28
60
80
82
27
87
36
84
17
46
3
73
39
54
97
78
22
30
6
35
23
87
75
5
97
72
3
67
84
56
40
5
33
1
62
9
56
18
84
61
83
30
7
95
28
41
31
57
12
43
62
71
62
12
8
78
88
41
71
89
36
45
26
73
63
60
67
22
6
34
34
54
95
79
56
50
5
82
61
23
100
23
85
47
30
12
23
81
39
15
14
99
82
41
83
85
85
41
14
74
25
21
87
77
6
89
87
74
31
42
14
66
93
100
100
100
100
100
100
100
100
100
100
100
100
100
100
100
100
100
100
100
100
100
100
100
100
100
100
100
100
99
99
99
99
99
99
99
99
99
99
99
99
99
99
99
99
99
99
99
99
99
99
99
99
99
99
99
98
98
98
98
98
98
98
98
98
98
98
98
98
98
98
98
98
98
98
97
97
97
97
97
97
97
97
97
97
97
97
97
97
97
97
97
97
97
97
97
97
97
96
96
96
96
96
96
96
96
96
96
96
96
96
96
96
96
96
96
96
96
95
95
95
95
95
95
95
95
95
95
95
95
95
95
95
95
95
95
95
95
95
95
95
95
95
94
94
94
94
94
94
94
94
94
94
94
94
94
94
94
94
94
94
94
94
94
94
94
94
94
94
94
93
93
93
93
93
93
93
93
93
93
93
93
93
93
93
93
93
93
93
93
93
93
92
92
92
92
92
92
92
92
92
92
92
92
92
92
92
92
92
92
92
92
92
92
92
92
92
92
92
92
92
92
92
92
92
92
91
91
91
91
91
91
91
91
91
91
91
91
91
91
91
91
91
91
91
91
91
90
90
90
90
90
90
90
90
90
90
90
90
90
90
90
90
90
90
90
90
90
89
89
89
89
89
89
89
89
89
89
89
89
89
89
89
89
89
89
89
89
89
89
89
89
89
88
88
88
88
88
88
88
88
88
88
88
88
88
88
88
88
88
88
88
88
88
88
88
88
88
87
87
87
87
87
87
87
87
87
87
87
87
87
87
87
87
87
87
87
87
87
87
87
87
87
87
87
87
87
87
87
87
87
86
86
86
86
86
86
86
86
86
86
86
86
86
86
86
86
86
86
86
86
86
86
86
86
85
85
85
85
85
85
85
85
85
85
85
85
85
85
85
85
85
85
85
85
85
85
85
84
84
84
84
84
84
84
84
84
84
84
84
84
84
84
84
84
84
84
84
84
84
84
84
84
84
83
83
83
83
83
83
83
83
83
83
83
83
83
83
83
83
83
83
83
83
83
83
83
83
83
83
82
82
82
82
82
82
82
82
82
82
82
82
82
82
82
82
82
82
82
82
82
82
82
82
82
82
81
81
81
81
81
81
81
81
81
81
81
81
81
81
80
80
80
80
80
80
80
80
80
80
80
80
80
80
80
80
80
80
80
80
80
80
80
80
80
80
79
79
79
79
79
79
79
79
79
79
79
79
79
79
79
79
79
79
78
78
78
78
78
78
78
78
78
78
78
78
78
78
78
78
78
78
78
78
78
78
78
78
77
77
77
77
77
77
77
77
77
77
77
77
77
77
77
77
77
77
77
77
77
77
77
77
77
76
76
76
76
76
76
76
76
76
76
76
76
76
76
76
76
76
76
76
76
76
76
76
76
76
76
76
76
75
75
75
75
75
75
75
75
75
75
75
75
75
75
75
75
75
75
75
75
75
75
75
75
75
74
74
74
74
74
74
74
74
74
74
74
74
74
74
74
74
74
74
74
74
74
74
74
74
74
74
74
74
74
74
74
74
74
73
73
73
73
73
73
73
73
73
73
73
73
73
73
73
73
72
72
72
72
72
72
72
72
72
72
72
72
72
72
72
72
72
72
72
72
72
72
72
72
72
72
72
72
71
71
71
71
71
71
71
71
71
71
71
71
71
71
71
71
71
71
71
71
71
71
71
71
71
71
71
71
71
71
71
71
71
71
71
70
70
70
70
70
70
70
70
70
70
70
70
70
70
70
70
70
70
70
70
70
70
70
70
70
70
70
69
69
69
69
69
69
69
69
69
69
69
69
69
69
69
69
69
69
69
68
68
68
68
68
68
68
68
68
68
68
68
68
68
68
68
68
68
68
68
68
68
68
68
68
68
68
68
67
67
67
67
67
67
67
67
67
67
67
67
67
67
67
67
67
67
67
67
67
67
66
66
66
66
66
66
66
66
66
66
66
66
66
66
66
66
66
66
66
66
66
65
65
65
65
65
65
65
65
65
65
65
65
65
65
65
65
65
65
65
65
65
65
65
65
65
65
65
65
65
65
65
65
65
65
64
64
64
64
64
64
64
64
64
64
64
64
64
64
64
64
64
64
64
64
64
64
64
63
63
63
63
63
63
63
63
63
63
63
63
63
63
63
63
63
63
63
63
63
63
63
63
62
62
62
62
62
62
62
62
62
62
62
62
62
62
62
62
62
62
62
62
61
61
61
61
61
61
61
61
61
61
61
61
61
61
61
61
61
61
61
61
61
61
61
61
61
61
60
60
60
60
60
60
60
60
60
60
60
60
60
60
60
60
60
60
60
60
60
60
60
60
59
59
59
59
59
59
59
59
59
59
59
59
59
59
59
59
59
59
59
59
59
59
59
59
59
59
59
59
59
59
59
59
59
58
58
58
58
58
58
58
58
58
58
58
58
58
58
58
58
58
58
58
58
58
58
58
58
57
57
57
57
57
57
57
57
57
57
57
57
57
57
57
57
57
57
57
57
57
57
57
57
57
57
57
57
57
56
56
56
56
56
56
56
56
56
56
56
56
56
56
56
56
56
56
56
56
56
56
56
56
56
56
56
55
55
55
55
55
55
55
55
55
55
55
55
55
55
55
55
55
55
55
55
55
54
54
54
54
54
54
54
54
54
54
54
54
54
54
54
54
54
54
54
54
54
54
54
54
54
53
53
53
53
53
53
53
53
53
53
53
53
53
53
53
53
53
53
53
53
53
53
53
52
52
52
52
52
52
52
52
52
52
52
52
52
52
52
52
52
52
52
52
52
52
52
52
51
51
51
51
51
51
51
51
51
51
51
51
51
51
51
51
51
51
51
51
51
51
51
51
51
51
51
51
51
51
51
51
51
51
51
50
50
50
50
50
50
50
50
50
50
50
50
50
50
50
50
50
50
50
50
50
50
50
50
50
50
50
50
49
49
49
49
49
49
49
49
49
49
49
49
49
49
49
49
49
49
49
49
49
49
49
49
48
48
48
48
48
48
48
48
48
48
48
48
48
48
48
48
48
48
48
48
48
48
48
48
48
48
48
47
47
47
47
47
47
47
47
47
47
47
47
47
47
47
47
47
47
47
47
47
47
47
47
47
47
46
46
46
46
46
46
46
46
46
46
46
46
46
46
46
46
46
46
46
46
46
46
46
46
46
46
45
45
45
45
45
45
45
45
45
45
45
45
45
45
45
45
45
45
45
45
45
45
45
45
45
45
45
45
45
45
45
44
44
44
44
44
44
44
44
44
44
44
44
44
44
44
44
44
44
44
44
44
44
44
44
44
44
44
44
43
43
43
43
43
43
43
43
43
43
43
43
43
43
43
43
43
43
43
43
43
43
43
43
43
43
43
42
42
42
42
42
42
42
42
42
42
42
42
42
42
42
42
42
42
42
42
42
42
42
42
41
41
41
41
41
41
41
41
41
41
41
41
41
41
41
41
41
41
41
41
41
41
41
41
41
41
41
40
40
40
40
40
40
40
40
40
40
40
40
40
40
40
40
40
40
40
39
39
39
39
39
39
39
39
39
39
39
39
39
39
39
39
39
39
39
38
38
38
38
38
38
38
38
38
38
38
38
38
38
38
38
38
38
38
38
38
38
38
38
38
38
38
37
37
37
37
37
37
37
37
37
37
37
37
37
37
37
37
37
37
37
37
37
37
37
37
37
37
37
37
37
36
36
36
36
36
36
36
36
36
36
36
36
36
36
36
36
36
36
36
35
35
35
35
35
35
35
35
35
35
35
35
35
35
35
35
35
35
35
34
34
34
34
34
34
34
34
34
34
34
34
34
34
34
34
34
34
34
34
34
34
34
34
34
34
34
34
34
33
33
33
33
33
33
33
33
33
33
33
33
33
33
33
33
33
33
33
33
33
33
33
33
33
32
32
32
32
32
32
32
32
32
32
32
32
32
32
32
32
32
32
32
32
32
32
31
31
31
31
31
31
31
31
31
31
31
31
31
31
31
31
31
31
31
31
31
30
30
30
30
30
30
30
30
30
30
30
30
30
30
30
30
30
30
30
30
30
30
30
30
30
30
30
30
30
30
30
30
30
30
30
29
29
29
29
29
29
29
29
29
29
29
29
29
29
29
29
29
29
29
29
29
29
29
29
29
29
29
29
28
28
28
28
28
28
28
28
28
28
28
28
28
28
28
28
28
28
28
28
28
28
28
28
28
27
27
27
27
27
27
27
27
27
27
27
27
27
27
27
27
27
27
27
27
27
27
27
26
26
26
26
26
26
26
26
26
26
26
26
26
26
26
26
26
26
26
26
26
26
26
26
26
26
25
25
25
25
25
25
25
25
25
25
25
25
25
25
25
25
25
25
25
25
25
25
24
24
24
24
24
24
24
24
24
24
24
24
24
24
24
24
24
24
24
24
24
24
24
24
24
24
24
24
24
24
24
24
24
23
23
23
23
23
23
23
23
23
23
23
23
23
23
23
23
22
22
22
22
22
22
22
22
22
22
22
22
22
22
22
22
22
22
22
22
22
22
22
22
21
21
21
21
21
21
21
21
21
21
21
21
21
21
21
21
21
21
21
21
21
21
21
21
21
21
21
21
21
20
20
20
20
20
20
20
20
20
20
20
20
20
20
20
20
20
20
20
20
20
20
20
20
20
20
20
20
20
19
19
19
19
19
19
19
19
19
19
19
19
19
19
19
19
19
19
19
19
19
19
19
18
18
18
18
18
18
18
18
18
18
18
18
18
18
18
18
18
18
18
18
18
18
18
18
18
18
18
18
17
17
17
17
17
17
17
17
17
17
17
17
17
17
17
17
17
17
17
17
17
16
16
16
16
16
16
16
16
16
16
16
16
16
16
16
16
16
16
16
16
16
16
16
16
16
16
16
15
15
15
15
15
15
15
15
15
15
15
15
15
15
15
14
14
14
14
14
14
14
14
14
14
14
14
14
14
14
14
14
14
14
14
14
14
14
14
13
13
13
13
13
13
13
13
13
13
13
13
13
13
13
13
13
13
13
13
12
12
12
12
12
12
12
12
12
12
12
12
12
12
12
12
12
12
12
12
12
12
12
12
12
12
12
12
11
11
11
11
11
11
11
11
11
11
11
11
10
10
10
10
10
10
10
10
10
10
10
10
10
10
10
10
10
9
9
9
9
9
9
9
9
9
9
9
9
9
9
9
9
9
9
9
9
9
9
8
8
8
8
8
8
8
8
8
8
8
8
8
8
8
8
8
8
8
8
8
7
7
7
7
7
7
7
7
7
7
7
7
7
7
7
7
7
7
7
7
7
7
7
7
7
7
7
6
6
6
6
6
6
6
6
6
6
6
6
6
6
6
6
6
6
6
6
6
6
6
6
6
6
6
5
5
5
5
5
5
5
5
5
5
5
5
5
5
5
5
5
5
5
5
5
5
5
5
5
5
5
5
5
5
5
5
4
4
4
4
4
4
4
4
4
4
4
4
4
4
4
4
4
4
4
4
4
4
4
4
4
4
4
4
4
4
4
4
3
3
3
3
3
3
3
3
3
3
3
3
3
3
3
3
3
3
3
3
3
3
3
3
2
2
2
2
2
2
2
2
2
2
2
2
2
2
2
2
2
2
2
2
2
2
2
2
1
1
1
1
1
1
1
1
1
1
1
1
1
1
1
1
1
1
1
1
1
1
1
1
1
1
1
1
1
1
1
1
1
