300
10
88
40
52
99
32
67
81
87
98
49
26
52
28
5
18
90
30
22
25
6
96
6
5
51
61
38
54
87
68
18
34
74
94
17
58
34
83
52
37
88
3
62
67
17
24
9
100
84
55
80
94
84
78
97
21
31
8
61
28
9
32
8
61
86
95
71
48
5
41
80
44
52
89
6
94
90
48
45
63
36
100
36
42
41
82
50
18
94
91
89
21
86
70
26
28
8
90
74
60
37
27
4
35
21
8
43
6
54
86
60
41
9
23
85
100
59
96
43
89
38
95
14
96
9
94
81
19
50
75
79
9
60
63
46
79
70
91
27
12
60
20
99
30
63
81
56
64
6
35
74
64
88
4
71
95
16
80
52
99
15
68
46
55
41
60
93
72
21
14
42
46
2
100
67
81
23
30
84
30
78
64
65
48
65
17
38
68
14
34
90
98
92
98
43
97
37
36
30
76
86
12
16
91
36
90
45
42
63
8
65
28
79
91
38
24
58
42
79
76
90
57
5
97
76
38
23
20
15
6
5
30
37
93
70
4
100
73
87
40
23
2
86
1
17
2
83
55
76
31
15
71
79
84
29
61
70
43
19
100
53
7
58
88
72
73
35
99
60
32
93
12
70
41
81
51
29
19
59
65
97
10
96
86
52
69
31
39
12
44
74
77
26
46
100
47
89
44
7
49
100
100
100
99
98
98
98
97
97
97
96
96
96
96
96
95
94
94
94
93
93
93
93
91
91
91
91
91
90
89
89
88
88
88
87
87
87
86
86
86
86
86
85
85
84
84
83
82
82
82
82
81
80
79
79
79
79
78
78
78
78
77
77
76
75
75
75
75
74
74
74
73
72
71
71
71
71
71
70
70
70
70
70
69
69
69
69
67
67
67
67
66
66
66
65
65
65
64
64
63
63
63
63
61
61
60
59
59
59
58
58
57
57
57
56
56
56
56
56
55
54
54
54
53
53
53
52
51
51
50
50
50
49
49
49
49
48
47
47
47
46
46
46
46
45
45
44
44
44
43
43
43
43
43
42
42
42
42
41
41
41
40
40
40
39
39
39
39
39
39
39
38
38
37
37
37
37
36
36
35
35
34
34
33
33
32
31
31
31
31
31
30
29
29
29
29
29
29
29
28
27
27
27
27
27
26
26
25
25
25
24
24
23
23
23
22
22
22
22
22
21
21
21
21
21
21
21
20
20
20
20
20
20
19
19
19
18
17
17
17
16
16
16
16
16
16
15
15
15
14
14
14
14
14
13
13
13
13
11
11
10
9
9
9
9
9
8
7
7
7
7
7
7
7
6
6
5
5
5
5
5
4
4
4
4
4
3
3
3
2
2
2
2
1
1
1
1
1
1
1
