400
41
99
18
78
28
43
70
16
84
89
24
18
41
78
4
85
83
27
10
93
77
52
6
53
54
17
42
19
22
6
72
18
83
15
31
2
79
87
6
84
59
80
71
48
25
27
44
2
44
100
44
10
45
46
47
64
15
48
73
51
68
95
24
86
42
2
22
62
22
93
48
89
42
62
51
63
27
8
87
42
45
11
28
30
92
69
23
9
8
29
23
26
96
82
76
94
15
69
10
63
32
77
32
15
6
47
87
41
79
47
95
3
52
95
31
10
27
39
86
80
94
60
88
45
31
64
35
7
75
46
92
80
95
93
100
31
86
46
9
40
38
88
22
46
29
45
16
9
95
88
53
85
18
9
95
5
31
38
36
49
41
57
76
40
42
19
98
4
26
37
71
60
78
69
1
45
48
53
3
71
88
24
90
82
53
9
13
25
19
38
26
27
5
70
82
41
55
99
39
77
72
98
32
77
90
27
98
58
73
40
85
55
53
56
39
95
50
83
57
13
12
57
9
34
59
73
3
55
57
36
5
13
27
46
32
96
5
31
61
98
56
81
85
58
57
52
88
85
93
56
60
44
56
52
31
97
59
53
41
14
24
14
14
33
89
1
95
59
35
57
66
92
30
3
18
9
8
93
28
57
4
56
32
48
76
94
87
24
21
84
69
93
80
11
43
96
33
27
36
24
2
22
69
55
2
23
46
35
96
48
38
12
94
79
99
66
25
85
4
20
33
32
86
93
90
13
85
40
78
3
81
19
67
48
8
69
53
15
61
14
32
6
80
64
50
22
39
11
7
65
74
49
59
83
66
98
100
46
87
45
56
23
36
35
32
3
93
46
100
56
76
5
65
75
4
19
21
80
22
5
87
63
39
34
82
1
50
74
47
89
5
100
10
39
14
64
66
75
20
7
100
100
100
100
100
100
99
99
99
98
98
97
96
96
96
95
95
95
95
95
94
94
93
93
93
92
92
91
91
91
91
90
89
89
89
89
89
88
88
88
87
87
87
87
87
87
87
87
87
86
86
86
86
86
86
86
85
85
85
85
85
85
84
84
84
83
83
83
83
83
82
82
82
81
80
79
79
79
79
79
78
78
78
78
78
78
78
77
77
77
76
76
75
75
75
74
74
74
74
74
73
73
73
73
73
72
72
72
72
72
72
71
71
71
70
70
70
69
69
69
68
68
67
67
66
65
65
65
65
64
64
64
63
63
63
63
63
63
63
63
63
62
62
62
62
62
62
62
61
60
60
60
60
60
59
59
58
58
58
58
58
58
58
58
57
57
57
57
57
57
57
56
56
56
56
55
55
55
55
55
55
54
54
54
54
54
53
52
52
52
51
51
51
51
51
50
50
50
50
49
49
49
49
49
49
49
49
48
48
48
48
48
48
48
47
47
47
47
46
45
45
44
44
43
43
43
42
42
41
41
41
41
41
41
41
40
40
40
40
40
39
39
39
39
39
39
38
38
38
38
38
38
38
37
37
37
37
36
36
35
35
34
34
34
34
33
33
33
33
32
32
32
32
32
31
31
31
31
30
30
30
29
29
29
29
29
28
28
28
27
27
27
27
26
26
26
25
25
25
25
25
24
24
24
24
24
24
24
23
23
23
22
22
22
22
21
21
21
21
21
20
20
20
20
20
20
20
20
20
19
19
19
18
18
18
18
18
17
17
17
16
16
16
16
15
15
15
15
14
14
14
14
14
14
14
12
12
12
12
12
11
11
11
11
10
10
10
9
9
9
9
9
9
8
8
8
8
7
7
7
6
5
5
5
5
5
4
4
4
4
4
3
3
3
3
2
2
1
1
1
