500
48
53
39
51
11
52
98
67
92
68
99
82
66
21
67
98
13
79
72
41
49
24
79
16
75
16
5
83
29
85
84
98
55
38
30
46
36
63
85
40
52
51
95
52
97
80
68
89
50
41
17
63
87
84
50
81
10
90
93
28
35
85
31
54
6
21
79
16
6
10
73
45
26
27
47
1
68
31
87
71
89
86
17
39
16
39
69
46
20
49
28
99
89
14
100
22
52
82
10
80
24
80
95
19
40
63
13
45
13
61
57
87
7
80
76
4
70
22
15
93
97
10
11
91
36
27
80
58
37
22
4
43
15
57
70
93
1
16
72
60
98
32
32
93
13
98
93
35
11
38
54
5
50
16
29
87
69
98
10
75
49
1
43
45
35
50
88
32
7
56
2
94
55
58
52
28
10
5
25
6
52
7
69
29
9
49
66
13
88
58
9
88
17
68
51
5
84
47
41
100
65
29
45
80
91
57
58
37
2
9
81
82
73
66
45
90
67
14
66
16
53
21
20
56
52
27
2
26
37
62
69
35
11
36
79
52
84
67
88
25
27
54
34
73
9
42
4
90
87
26
66
75
55
93
78
61
66
55
44
87
21
3
49
48
86
36
87
29
97
83
61
32
94
88
67
76
90
73
100
81
68
62
23
22
55
33
51
81
87
30
23
8
92
39
64
27
54
11
7
77
98
38
46
74
28
60
48
66
28
87
97
3
31
42
97
37
94
6
3
10
40
91
78
4
14
49
28
33
91
38
76
48
14
23
62
89
56
79
9
90
33
86
5
29
33
58
75
37
45
49
87
18
81
97
71
100
82
25
84
93
56
35
26
23
44
33
89
20
27
27
36
16
55
98
51
85
61
34
35
3
60
97
73
71
3
24
82
7
90
52
88
69
65
26
30
95
44
23
5
9
38
31
97
18
75
100
6
61
100
39
97
27
29
96
25
46
70
43
71
31
41
37
41
88
55
13
74
23
92
9
43
100
45
44
82
74
53
70
72
63
98
11
63
73
66
34
68
53
90
17
37
75
20
47
72
60
19
95
69
90
76
67
60
94
5
87
54
36
47
90
79
1
4
60
87
37
23
98
84
16
43
63
91
54
70
3
42
67
38
100
60
19
88
13
54
95
3
95
60
2
100
100
100
100
99
99
99
99
99
99
98
98
98
97
97
97
97
97
96
96
96
96
95
95
95
95
94
94
94
94
94
94
93
93
93
93
92
92
91
91
91
91
91
91
90
90
90
89
89
89
89
89
88
88
88
88
88
88
87
87
87
87
86
86
85
85
85
85
85
84
84
84
84
84
83
83
83
83
82
81
81
81
80
80
80
80
80
80
80
80
80
80
79
79
79
79
79
78
78
78
77
77
77
77
77
76
76
76
76
76
76
76
76
75
75
75
75
74
74
74
74
74
74
74
74
73
72
72
72
72
72
71
71
71
71
71
71
70
70
70
70
70
69
69
69
69
69
69
69
69
68
68
68
68
68
68
68
68
67
67
67
67
66
66
66
66
65
65
64
63
63
63
63
63
63
62
62
62
62
62
62
62
62
61
61
61
61
60
60
60
60
60
59
59
59
59
59
59
59
59
59
59
58
58
57
57
57
57
56
56
55
54
54
54
54
54
54
53
53
52
52
52
52
52
52
51
51
51
51
51
51
51
51
50
50
50
50
50
49
49
49
48
48
48
48
47
47
47
47
47
47
47
46
46
46
46
46
45
45
45
45
44
44
44
43
43
43
43
43
42
42
42
42
41
41
41
41
41
41
40
40
40
40
40
40
40
39
39
39
39
39
39
39
38
38
38
38
37
37
37
37
37
37
36
36
36
36
36
36
36
36
36
35
35
35
35
34
33
33
33
33
32
32
31
31
31
31
31
31
31
31
31
31
31
30
30
30
30
29
29
29
29
29
29
29
29
28
28
28
28
28
27
27
27
27
27
26
26
26
26
25
25
25
25
25
25
25
25
25
24
24
24
24
24
23
23
23
23
23
23
22
22
21
21
21
21
21
20
20
20
20
20
20
20
20
20
20
19
19
19
19
19
19
18
18
18
18
18
18
18
18
18
18
18
17
17
16
16
16
16
16
15
15
15
15
15
14
14
14
14
14
13
13
13
13
13
12
12
12
12
12
12
12
11
11
11
11
11
11
10
10
10
10
10
10
10
9
9
8
8
8
8
8
8
8
7
7
7
7
7
7
7
7
6
6
6
6
5
5
5
5
4
4
4
4
4
4
3
3
3
2
2
2
2
2
2
2
1
1
1
