700
84
26
97
76
44
80
87
95
25
33
74
34
42
54
5
48
24
67
47
19
87
74
81
99
79
95
49
71
69
76
20
68
61
87
64
63
70
55
96
80
4
78
65
89
15
65
14
75
88
87
96
2
8
1
12
56
94
77
96
100
80
82
32
71
23
43
85
88
47
98
60
6
77
33
61
21
80
61
5
86
56
67
15
49
74
30
14
75
15
37
41
49
57
4
15
19
72
85
63
44
9
6
34
12
63
86
4
30
44
56
56
63
75
14
13
16
13
72
35
83
48
27
49
90
87
53
99
93
86
13
13
94
22
59
68
83
63
71
36
53
35
46
70
62
19
45
44
48
50
63
54
91
43
88
7
27
14
36
92
80
35
64
51
31
78
6
4
41
70
25
63
35
98
72
59
71
68
51
32
52
3
62
62
68
4
70
80
61
68
14
39
74
36
98
34
84
48
2
46
59
78
8
52
65
73
97
93
66
9
3
6
94
7
70
18
67
98
78
87
61
4
69
9
59
64
4
63
62
27
30
18
77
11
85
62
91
61
54
15
60
98
40
53
75
36
18
81
82
27
45
41
70
31
91
15
1
77
37
48
14
10
51
90
8
56
63
21
65
23
70
64
95
14
15
98
46
88
34
31
49
32
9
95
14
43
4
80
98
49
46
75
100
79
62
60
84
68
70
87
10
11
46
20
46
99
80
12
83
7
71
53
87
12
53
18
26
76
94
10
69
28
85
58
24
43
90
46
50
81
42
82
94
37
50
78
96
71
28
93
50
77
59
63
85
61
47
69
46
29
87
67
5
12
26
91
99
35
2
41
79
16
3
32
59
59
17
33
83
29
53
12
93
69
63
55
90
9
59
6
20
29
41
34
56
50
25
86
87
87
9
19
48
82
51
42
49
72
56
24
95
2
23
89
21
27
39
47
63
20
92
67
29
53
62
5
94
49
24
48
78
47
100
36
14
1
87
90
40
72
24
90
94
24
42
88
51
21
11
65
48
49
100
78
53
50
93
96
61
69
70
7
78
57
96
35
55
60
12
63
11
65
46
62
13
94
35
91
15
66
42
18
63
99
18
57
77
78
62
27
10
71
69
9
5
5
99
21
41
59
48
38
35
34
58
96
54
32
58
8
92
17
34
82
36
97
2
11
12
49
23
78
27
55
60
42
95
4
35
2
74
100
7
89
28
78
25
22
12
1
55
3
9
31
6
94
77
97
12
9
86
81
60
62
92
61
55
88
8
85
86
61
8
80
33
32
46
44
28
10
54
22
8
30
37
69
62
68
14
41
25
25
90
72
79
13
5
45
75
75
47
58
95
79
67
85
9
50
95
93
73
91
96
48
16
41
24
43
47
37
20
60
72
32
58
64
89
54
89
22
18
76
96
55
63
72
61
3
51
41
87
8
57
80
86
98
81
83
32
69
18
28
77
10
65
6
71
66
92
47
96
62
99
88
56
83
44
46
18
47
90
26
26
88
25
79
9
60
28
35
15
3
98
4
88
56
70
68
39
74
84
32
52
96
11
81
4
55
22
15
4
34
22
18
3
68
7
77
22
54
15
23
9
92
28
36
15
99
21
23
34
100
100
100
100
100
100
100
100
99
99
99
99
99
99
99
98
98
98
98
98
98
97
97
97
97
97
96
96
96
96
96
96
96
95
95
95
95
95
95
95
95
95
94
94
94
94
93
93
93
93
93
93
92
92
92
92
92
92
92
91
91
91
91
90
90
90
90
89
89
89
89
89
89
89
88
88
88
87
87
87
87
87
87
87
87
87
87
86
86
86
86
86
85
85
85
85
85
85
84
84
84
84
83
83
83
82
82
82
82
81
81
81
81
81
80
80
80
80
79
79
79
79
79
79
79
79
79
79
78
78
77
77
77
77
77
77
77
77
77
76
76
76
76
76
76
76
75
75
75
75
75
75
75
75
75
74
74
74
74
74
74
74
74
73
73
73
73
73
72
72
72
72
72
72
71
71
71
71
71
71
71
71
71
70
70
70
70
70
69
69
69
69
68
68
68
68
67
67
67
67
67
67
67
67
67
67
66
66
66
66
66
66
66
66
65
65
65
65
65
65
65
65
65
65
64
64
64
64
64
63
63
63
63
63
62
62
62
62
62
62
62
62
62
61
61
61
61
61
61
61
61
60
60
60
60
60
60
60
60
59
59
59
59
59
59
59
59
58
58
58
58
58
58
58
58
58
58
57
57
57
57
56
56
56
56
56
56
56
56
56
56
56
55
55
55
55
55
55
55
55
55
55
55
55
55
55
55
55
55
54
54
54
53
53
53
53
53
53
53
53
53
53
52
52
52
52
52
52
52
51
51
51
50
50
50
50
50
50
50
49
49
49
48
48
48
48
48
48
48
48
48
48
48
48
48
48
47
47
47
47
47
47
47
47
47
47
47
46
46
46
46
46
46
46
46
45
45
45
45
45
44
44
44
44
44
44
43
43
43
43
43
42
42
42
42
42
42
42
42
41
41
41
40
40
40
40
40
40
40
39
39
39
39
39
38
38
38
38
38
38
38
37
37
37
37
37
37
37
37
37
37
37
36
36
36
36
36
36
36
35
35
35
35
35
34
34
34
34
34
33
33
33
33
33
33
33
33
32
32
32
32
32
32
31
31
31
31
31
31
31
31
31
31
31
31
31
30
30
30
30
30
29
29
29
29
29
29
28
28
28
28
28
28
28
28
28
27
27
27
27
27
27
27
27
27
27
26
26
26
26
26
26
25
25
25
25
25
25
25
24
24
24
24
24
24
23
23
23
23
23
23
23
22
22
22
22
22
22
22
21
21
21
21
21
20
20
20
20
20
20
20
19
19
19
19
19
19
19
19
19
19
19
18
18
18
18
18
17
17
17
17
17
17
17
17
17
16
16
16
16
16
16
16
15
15
15
15
15
15
15
15
15
15
14
14
14
14
13
13
13
13
12
11
11
11
11
11
11
11
10
10
10
10
10
10
10
10
10
10
9
9
9
9
9
9
9
9
9
8
8
8
8
8
8
8
8
8
7
7
7
7
7
7
6
6
6
6
6
6
6
6
5
5
5
5
5
5
5
4
4
4
4
4
4
4
3
3
3
3
3
3
3
3
3
3
3
3
3
3
2
2
2
2
2
2
2
2
2
1
1
1
1
1
1
1
1
1
1
1
1
