800
90
89
47
60
27
12
16
18
29
54
100
31
20
8
16
43
59
33
78
38
83
94
13
47
12
48
71
29
2
17
55
54
13
71
87
78
68
5
48
53
72
8
45
98
28
60
58
81
83
30
36
31
40
13
91
3
45
23
32
30
51
38
90
27
40
86
5
20
31
60
29
4
23
69
82
93
54
52
20
14
86
19
50
65
11
54
89
48
85
80
21
100
48
89
44
53
49
32
51
55
52
38
86
51
23
99
90
28
14
58
48
68
53
11
52
61
13
93
38
94
27
2
88
96
64
36
27
96
98
98
26
91
27
3
4
77
80
18
84
73
86
11
49
28
53
4
32
73
58
8
30
90
42
72
56
98
54
99
11
10
87
7
58
90
53
31
69
34
39
62
1
59
33
58
54
77
83
82
94
60
94
9
71
37
7
81
23
94
58
93
80
92
12
75
68
88
9
87
77
2
53
32
21
11
57
88
55
73
86
84
90
93
7
19
24
3
99
41
97
15
1
17
87
67
22
57
22
53
94
53
2
93
48
95
42
7
47
86
46
10
38
5
77
71
21
1
60
9
67
97
32
85
10
83
67
37
91
12
30
70
78
5
96
84
74
5
92
4
17
20
10
80
60
53
11
8
24
7
61
25
77
100
58
95
63
71
14
52
81
83
75
98
31
81
95
97
73
41
79
93
37
14
65
72
40
14
98
5
94
85
75
16
26
35
94
88
89
31
89
97
26
32
76
60
25
59
70
79
91
75
55
94
2
98
12
6
70
15
100
49
9
47
68
46
39
72
73
83
82
72
37
28
89
1
47
65
75
19
49
67
50
75
47
1
51
80
62
35
39
24
71
46
32
66
35
20
78
50
94
88
62
35
87
66
85
50
69
44
92
31
98
26
63
23
26
65
70
73
91
21
34
41
36
99
51
32
94
5
26
73
79
57
55
45
60
41
60
88
90
66
23
49
14
64
40
95
24
45
84
93
14
58
80
84
85
66
24
76
34
24
57
49
13
75
23
85
25
16
58
52
79
90
73
78
83
92
1
6
29
14
70
3
45
72
57
45
43
30
1
90
23
80
55
21
64
86
58
82
47
16
34
89
79
62
30
88
70
9
53
90
38
28
37
80
60
13
61
33
77
99
58
16
83
7
83
68
27
75
9
23
43
2
11
73
83
95
21
35
79
21
9
87
82
72
19
6
78
50
98
88
23
61
73
92
50
35
15
34
35
20
13
44
35
24
83
74
34
98
97
31
74
24
56
58
60
6
46
54
15
86
17
7
66
49
15
26
16
46
24
8
29
83
99
12
31
23
98
97
78
19
65
8
41
42
45
90
50
85
65
59
100
87
79
73
28
96
62
10
82
28
5
45
1
11
16
56
5
32
91
100
35
14
11
63
3
63
99
2
40
4
69
12
49
69
40
30
26
14
11
76
72
54
90
78
89
90
55
84
53
5
72
55
85
16
48
58
52
45
64
7
85
87
80
64
89
47
59
57
80
13
97
82
60
88
51
48
66
98
100
23
65
51
40
68
82
36
77
68
37
98
6
7
23
37
84
92
46
60
34
19
95
30
41
26
9
40
39
89
53
49
97
32
66
34
9
62
83
26
44
18
75
84
98
73
35
96
83
80
8
78
3
50
51
78
41
9
48
31
64
86
57
26
70
74
31
12
61
40
33
23
24
75
67
77
19
45
98
32
44
73
23
56
45
29
91
18
72
35
63
93
61
51
22
77
50
93
47
58
27
62
98
43
77
6
23
48
55
59
22
19
53
31
78
33
91
85
17
53
10
56
10
33
57
39
80
85
98
64
18
15
100
100
100
100
100
100
99
99
99
99
99
99
99
99
99
98
98
98
98
98
98
97
97
97
97
97
97
97
96
96
96
96
96
96
96
95
95
95
95
95
95
95
95
95
95
95
94
94
94
94
94
93
93
93
93
92
92
92
92
92
92
92
92
92
91
91
91
91
91
91
91
91
91
90
90
90
90
90
90
90
90
90
89
89
89
89
89
89
89
88
88
88
88
88
88
88
88
87
87
87
87
87
87
87
87
86
86
86
86
86
86
86
86
85
85
85
85
85
85
85
84
84
84
84
84
84
84
84
84
84
84
83
83
83
83
83
83
83
83
82
82
82
82
82
82
82
81
81
81
81
81
81
81
81
81
80
80
80
80
80
80
80
80
80
80
79
79
79
79
79
79
79
78
78
78
78
78
78
78
78
78
78
77
77
77
77
77
76
76
76
76
76
76
76
76
76
76
76
75
75
75
75
75
75
75
75
75
74
74
74
74
73
73
73
73
73
73
72
72
72
72
72
72
72
72
72
72
72
72
72
72
71
71
71
71
71
71
71
71
70
70
70
69
69
69
69
69
69
68
68
68
67
67
67
67
67
67
67
66
66
66
66
65
65
65
65
64
64
64
64
64
64
64
64
64
64
64
63
63
63
63
62
62
62
62
62
62
62
62
62
62
62
62
61
61
61
61
61
61
61
61
61
61
61
61
61
61
61
61
61
60
60
60
60
60
60
60
60
60
59
59
59
59
59
58
58
58
58
58
58
57
57
57
57
57
57
57
56
56
56
56
56
56
56
56
56
56
55
55
55
55
55
55
55
55
55
54
54
54
54
54
54
54
53
53
53
53
53
53
53
52
52
52
52
52
52
52
51
51
51
51
51
51
50
50
50
50
50
50
50
50
50
49
49
49
49
49
49
49
48
48
48
48
48
48
48
47
47
47
47
47
47
47
47
47
47
47
46
46
46
46
46
46
46
46
46
46
45
45
45
45
45
45
45
45
45
45
45
45
44
44
44
44
44
43
43
43
43
43
43
43
43
43
43
43
43
42
42
42
42
42
42
42
42
42
42
42
42
42
42
41
41
41
41
41
41
41
41
41
40
40
40
40
39
39
39
39
39
38
38
38
38
37
37
37
37
37
37
37
37
37
37
37
37
36
36
36
35
35
35
35
35
35
35
34
34
34
33
33
33
33
33
33
33
32
32
32
32
32
32
32
31
31
31
31
31
31
30
30
30
30
30
30
30
30
29
29
29
29
29
29
29
28
28
28
28
28
28
28
28
28
28
28
27
27
27
27
27
27
27
26
26
26
26
26
26
26
26
25
25
25
25
25
25
25
25
25
25
24
24
24
24
24
24
24
23
23
23
23
23
23
23
23
23
23
23
22
22
22
22
21
21
21
21
21
21
21
21
21
21
21
21
20
20
20
20
20
20
19
19
19
19
19
19
19
19
19
19
18
18
18
18
18
18
18
18
18
18
18
18
18
18
18
17
17
17
17
17
17
17
17
16
16
16
16
16
16
16
16
16
15
15
15
15
15
15
15
15
15
15
15
15
14
14
14
14
14
14
14
14
14
13
13
13
13
13
13
12
12
12
12
12
12
12
12
12
12
12
11
11
11
11
11
11
11
11
11
11
10
10
10
10
10
10
10
10
10
10
9
9
9
9
9
8
8
8
8
8
8
8
7
7
7
7
7
7
7
7
7
7
6
6
6
6
6
6
6
5
5
5
5
5
4
4
4
4
4
4
4
4
4
4
4
4
3
3
3
3
3
3
3
3
3
2
2
2
2
2
2
2
2
2
2
1
1
1
1
1
1
1
