900
42
23
97
54
100
49
32
67
34
54
97
13
77
64
4
5
68
61
26
43
1
8
80
87
98
80
70
9
46
98
73
81
51
96
17
96
28
43
99
51
7
28
60
4
86
8
77
61
63
45
52
41
19
35
20
34
37
9
71
90
35
43
46
18
59
93
80
56
79
91
57
76
8
37
64
39
100
71
13
4
93
25
14
71
33
39
2
88
88
59
3
50
56
4
12
34
34
39
40
87
64
31
99
90
94
84
77
100
22
20
87
56
56
84
82
1
75
58
97
40
40
74
15
76
56
12
80
15
1
89
98
42
18
34
47
70
60
55
30
23
86
1
2
55
42
56
23
59
95
10
63
27
84
2
72
61
11
34
79
31
74
90
92
31
53
37
58
88
44
78
94
53
46
84
88
75
46
47
91
65
58
83
99
48
63
31
94
48
71
80
68
10
14
32
35
87
82
44
11
8
9
63
27
67
25
85
63
10
6
46
15
90
58
52
7
2
61
44
60
24
100
47
16
28
29
11
29
88
13
84
43
36
44
23
98
19
72
55
11
66
53
46
89
40
92
76
18
97
61
22
68
24
13
21
95
26
93
64
74
21
100
73
89
97
16
16
13
86
41
95
60
61
36
42
33
61
61
48
44
40
77
83
91
24
9
54
13
76
24
94
63
96
79
67
98
91
97
82
56
29
71
4
66
79
84
38
53
100
58
55
1
17
77
93
57
58
13
84
98
8
7
79
73
80
78
40
65
5
69
12
43
61
93
12
2
34
1
85
83
79
45
82
44
34
19
82
51
48
85
50
50
46
54
35
26
44
17
84
35
32
87
77
36
34
29
35
21
80
4
69
73
33
31
64
62
57
23
16
95
8
89
89
44
52
1
96
69
69
41
69
24
53
74
56
62
45
68
40
67
32
29
60
41
44
81
37
17
68
17
33
100
71
42
83
68
56
12
39
55
96
67
34
60
20
48
69
62
62
51
9
16
59
28
61
48
50
38
13
76
75
18
61
74
1
26
56
10
29
59
4
9
20
33
68
41
24
87
39
17
46
32
28
51
6
44
70
60
60
30
40
82
72
8
68
88
4
33
66
72
79
82
82
81
34
76
1
99
87
38
76
29
1
1
88
49
76
83
56
85
72
4
15
41
54
79
9
13
38
19
75
33
67
50
15
41
24
100
26
3
49
57
11
29
48
76
26
51
60
54
1
100
57
89
77
35
63
29
90
14
24
51
24
63
34
81
4
96
67
13
66
100
97
22
20
54
38
68
51
10
8
91
40
84
26
40
63
29
31
98
58
65
19
72
29
89
74
13
64
66
36
88
35
27
52
12
83
100
43
23
60
37
66
49
36
58
7
46
94
48
45
65
28
4
49
95
74
90
36
79
44
61
92
19
79
89
6
41
1
98
45
2
74
100
28
12
58
19
64
71
70
72
75
75
72
58
11
18
25
58
1
13
18
84
86
31
60
76
80
60
62
89
32
4
53
100
45
89
55
4
63
66
2
28
6
36
55
29
16
14
50
64
82
97
5
14
92
26
26
39
26
70
46
36
48
36
84
78
96
22
32
83
75
69
19
29
79
90
81
31
83
47
46
56
33
29
27
9
38
44
4
13
38
63
32
67
50
14
94
71
45
12
43
88
87
7
30
65
65
59
18
71
92
41
4
68
45
21
81
68
37
18
11
33
77
34
5
48
56
52
7
39
80
75
94
72
97
26
35
79
65
20
9
36
54
5
42
22
77
3
70
84
100
61
37
88
47
24
33
24
75
5
7
41
65
43
27
15
48
10
70
58
78
13
96
20
64
70
6
46
84
41
38
52
38
91
30
31
96
12
45
46
59
77
92
99
57
88
16
57
2
41
73
94
98
66
47
42
12
94
61
77
58
92
11
36
36
95
76
5
42
83
58
15
28
23
26
78
86
90
93
33
83
67
63
42
65
61
7
74
74
51
59
77
97
94
56
6
96
52
32
99
33
64
85
36
44
68
80
20
20
86
57
98
74
70
86
48
66
47
65
82
7
14
97
35
15
22
69
75
25
100
100
100
100
100
100
100
100
100
100
100
99
99
99
99
99
99
99
99
99
98
98
98
98
98
98
97
97
97
97
97
97
97
96
96
96
96
96
96
96
96
96
95
95
95
95
95
95
95
95
95
95
95
94
94
94
94
94
94
94
94
94
94
93
93
93
93
93
93
93
93
92
92
92
92
92
92
92
91
91
91
91
91
91
91
91
91
91
90
90
90
90
90
90
90
89
89
89
89
89
89
89
89
89
89
88
88
88
88
88
88
88
88
88
88
88
88
87
87
87
87
87
87
87
87
87
87
87
87
87
86
86
86
86
86
86
86
86
86
86
86
86
85
85
85
85
85
85
85
85
85
85
85
85
84
84
84
84
84
84
84
84
84
84
84
84
84
83
83
83
83
83
83
83
83
82
82
82
82
82
82
82
82
82
81
81
81
81
81
81
80
80
80
80
80
80
80
80
80
80
79
79
79
78
78
78
78
78
78
78
78
77
77
77
77
77
77
77
76
76
76
76
76
76
76
76
76
75
75
75
75
75
75
75
75
75
75
74
74
74
74
74
74
74
74
74
74
73
73
73
73
73
73
73
73
73
73
72
72
72
72
72
72
72
72
72
72
72
72
72
72
71
71
71
71
71
71
71
71
71
71
70
70
70
70
70
70
70
70
70
70
70
70
69
69
69
69
69
69
69
69
69
69
69
68
68
68
68
68
68
68
68
68
67
67
66
66
66
66
66
65
65
65
65
65
65
65
65
65
65
65
64
64
64
64
64
64
64
64
64
64
63
63
63
63
63
63
63
63
63
63
63
63
63
62
62
62
62
62
62
62
62
62
62
62
62
62
61
61
61
61
61
61
61
61
61
61
60
60
60
60
60
59
59
59
59
59
59
58
58
58
58
58
58
58
57
57
57
57
57
57
57
57
57
56
56
56
56
56
56
56
56
56
56
56
55
55
55
55
55
55
55
55
55
55
55
54
54
54
54
54
54
54
53
53
53
53
53
53
53
52
52
52
52
52
52
52
52
52
52
51
51
51
51
51
51
51
51
51
50
50
50
50
50
50
50
49
49
49
49
49
49
49
48
48
48
48
48
48
47
47
47
47
47
47
47
46
46
46
46
46
46
46
46
46
46
46
46
45
45
45
45
44
44
44
44
44
44
44
44
44
44
44
44
44
43
43
43
43
43
43
43
43
43
42
42
42
42
42
42
42
42
41
41
41
41
40
40
40
40
40
39
39
39
39
39
39
39
39
39
39
39
38
38
38
38
38
37
37
37
37
37
37
37
37
37
36
36
36
36
36
36
36
35
35
35
35
35
35
35
35
34
34
34
34
34
34
34
34
34
34
34
34
33
33
33
33
32
32
32
32
32
32
32
32
31
31
31
31
31
31
31
31
30
30
30
30
30
30
30
30
30
30
29
29
29
29
29
29
29
29
29
29
29
29
28
28
28
28
28
28
28
28
27
27
27
27
27
27
27
27
26
26
26
26
26
26
26
26
26
26
25
25
25
25
25
25
25
25
25
24
24
24
24
24
24
24
24
24
24
24
24
23
23
23
23
23
23
23
22
22
22
22
22
22
22
21
21
21
21
21
21
21
21
21
21
20
20
20
20
20
20
20
20
20
20
20
20
20
19
19
19
19
19
18
18
18
18
18
18
17
17
17
17
17
17
16
16
16
16
16
16
16
16
16
16
15
15
15
15
15
15
14
14
14
14
14
14
14
14
14
14
14
14
14
13
13
13
13
13
13
13
12
12
12
12
12
12
12
12
11
11
11
11
11
10
10
10
10
10
10
10
10
10
10
10
10
10
10
9
9
9
9
9
9
9
9
9
8
8
8
8
8
8
8
8
7
7
7
7
7
7
7
7
7
7
7
7
7
6
6
6
6
6
6
6
6
6
6
6
6
6
6
6
5
5
5
5
5
5
5
5
5
5
5
5
4
4
4
4
4
4
4
3
3
3
3
3
3
3
3
3
3
2
2
2
2
2
2
2
2
2
2
2
2
2
1
1
1
1
1
1
1
1
1
1
1
1
1
1
